Date,Region,Category,Product,Segment,Units,Revenue,Profit
2023-01-02,Latin America,Furniture,"Standing Desk Pro",Consumer,4,1492,158
2023-01-04,Middle East,Software,"Design Studio License",Consumer,5,1914,1198
2023-01-05,Middle East,Accessories,"Wireless Mouse",Consumer,1,19,6
2023-01-05,Middle East,Furniture,"Standing Desk Pro",Enterprise,3,799,152
2023-01-07,Asia Pacific,Accessories,"Mechanical Keyboard",Enterprise,8,948,332
2023-01-10,Middle East,Accessories,"Laptop Sleeve",Government,4,69,26
2023-01-12,Asia Pacific,Accessories,"Wireless Mouse",SMB,10,396,182
2023-01-14,Asia Pacific,Software,"Analytics Suite License",SMB,2,1954,1179
2023-01-14,Asia Pacific,Accessories,"USB-C Hub",Enterprise,7,346,168
2023-01-16,Middle East,Software,"Cloud Backup Plan",Consumer,3,359,208
2023-01-17,Latin America,Software,"Design Studio License",Enterprise,4,1895,1296
2023-01-19,North America,Office Supplies,"Label Printer",Government,12,2288,976
2023-01-19,Asia Pacific,Software,"Design Studio License",Consumer,2,1095,625
2023-01-20,Latin America,Office Supplies,"Premium Notebook Set",SMB,3,54,19
2023-01-22,Latin America,Software,"Design Studio License",SMB,1,422,243
2023-01-23,North America,Accessories,"Laptop Sleeve",Consumer,11,419,136
2023-01-24,Latin America,Software,"Analytics Suite License",Consumer,6,4341,2894
2023-01-25,Latin America,Software,"Cloud Backup Plan",SMB,1,133,90
2023-01-26,Latin America,Electronics,"Vertex Monitor 27"",Consumer,3,672,112
2023-01-26,Latin America,Office Supplies,"Ink Cartridge Pack",Government,1,39,14
2023-01-26,North America,Electronics,"Echo Wireless Earbuds",Government,8,1094,244
2023-01-27,Middle East,Electronics,"Echo Wireless Earbuds",Enterprise,4,318,75
2023-01-28,Middle East,Furniture,"Standing Desk Pro",Consumer,5,1339,143
2023-02-02,Asia Pacific,Furniture,"Ergo Office Chair",SMB,11,3360,593
2023-02-02,Asia Pacific,Software,"Cloud Backup Plan",Government,7,1585,921
2023-02-03,Asia Pacific,Accessories,"Laptop Sleeve",Consumer,9,258,101
2023-02-03,Asia Pacific,Furniture,"Ergo Office Chair",Enterprise,4,1244,166
2023-02-03,Asia Pacific,Accessories,"USB-C Hub",Consumer,5,283,116
2023-02-05,Latin America,Accessories,"Wireless Mouse",Consumer,6,162,69
2023-02-08,Asia Pacific,Accessories,"Mechanical Keyboard",SMB,9,1042,501
2023-02-10,Asia Pacific,Furniture,"Ergo Office Chair",Enterprise,6,1710,256
2023-02-12,Latin America,Electronics,"Aurora Laptop 14"",SMB,5,3055,858
2023-02-13,Europe,Software,"Analytics Suite License",Consumer,8,9617,6461
2023-02-13,Middle East,Software,"Security Shield Pro",Government,5,1624,1147
2023-02-13,Latin America,Electronics,"Aurora Laptop 14"",Government,4,2389,668
2023-02-14,Asia Pacific,Software,"Design Studio License",SMB,1,694,461
2023-02-16,North America,Furniture,"Ergo Office Chair",SMB,2,758,79
2023-02-16,Latin America,Electronics,"Vertex Monitor 27"",Consumer,7,1278,233
2023-02-18,Asia Pacific,Office Supplies,"Premium Notebook Set",Government,10,293,85
2023-02-19,North America,Office Supplies,"Ink Cartridge Pack",Enterprise,9,565,230
2023-02-19,Latin America,Electronics,"Vertex Monitor 27"",Government,1,240,49
2023-02-19,Asia Pacific,Accessories,"Laptop Sleeve",Consumer,1,30,11
2023-02-20,Europe,Electronics,"Vertex Monitor 27"",SMB,11,3553,1193
2023-02-20,Latin America,Office Supplies,"Ink Cartridge Pack",SMB,7,288,76
2023-02-21,Latin America,Office Supplies,"Stapler Deluxe",Consumer,4,57,16
2023-02-23,Middle East,Office Supplies,"Premium Notebook Set",Enterprise,4,52,11
2023-02-24,Europe,Furniture,"Ergo Office Chair",Consumer,10,2880,479
2023-02-25,Middle East,Office Supplies,"Stapler Deluxe",SMB,1,13,5
2023-02-25,Middle East,Office Supplies,"Ink Cartridge Pack",Consumer,5,165,57
2023-02-27,Middle East,Accessories,"Mechanical Keyboard",Enterprise,4,276,130
2023-02-27,Asia Pacific,Accessories,"Wireless Mouse",Government,9,382,167
2023-02-27,North America,Furniture,"Modular Bookshelf",Government,12,2729,349
2023-02-28,Europe,Software,"Analytics Suite License",Government,4,4158,2401
2023-02-28,North America,Office Supplies,"Stapler Deluxe",SMB,4,74,27
2023-02-28,Middle East,Software,"Security Shield Pro",Enterprise,6,2077,1251
2023-03-01,Middle East,Software,"Design Studio License",Enterprise,5,2262,1367
2023-03-01,Asia Pacific,Accessories,"USB-C Hub",SMB,7,397,129
2023-03-01,North America,Furniture,"Standing Desk Pro",SMB,10,5882,964
2023-03-02,Latin America,Electronics,"Pulse Smartphone",Enterprise,1,532,131
2023-03-04,North America,Accessories,"Laptop Sleeve",Government,8,309,129
2023-03-05,Europe,Accessories,"Laptop Sleeve",Government,5,179,62
2023-03-05,Europe,Electronics,"Aurora Laptop 14"",SMB,7,8831,1665
2023-03-06,Middle East,Software,"Analytics Suite License",Government,2,1335,973
2023-03-09,Europe,Electronics,"Pulse Smartphone",Enterprise,4,2728,461
2023-03-09,Europe,Software,"Cloud Backup Plan",Consumer,3,679,404
2023-03-09,Europe,Accessories,"Wireless Mouse",Enterprise,1,42,19
2023-03-11,Europe,Software,"Design Studio License",Consumer,3,2115,1436
2023-03-12,Middle East,Office Supplies,"Ink Cartridge Pack",Government,5,186,60
2023-03-13,Middle East,Office Supplies,"Ink Cartridge Pack",Government,3,120,53
2023-03-14,Asia Pacific,Electronics,"Pulse Smartphone",Enterprise,8,6631,1829
2023-03-19,North America,Software,"Security Shield Pro",Government,11,8233,4674
2023-03-21,North America,Accessories,"Laptop Sleeve",Government,9,404,177
2023-03-21,Middle East,Electronics,"Nimbus Tablet",SMB,5,1758,495
2023-03-21,Asia Pacific,Accessories,"USB-C Hub",Government,4,175,62
2023-03-23,Europe,Electronics,"Pulse Smartphone",SMB,7,5545,1040
2023-03-24,Asia Pacific,Electronics,"Nimbus Tablet",Government,7,4307,1276
2023-03-27,North America,Furniture,"Standing Desk Pro",SMB,8,4882,549
2023-03-28,North America,Electronics,"Nimbus Tablet",Enterprise,2,1277,337
2023-03-28,Latin America,Electronics,"Vertex Monitor 27"",SMB,2,450,127
2023-04-01,Latin America,Accessories,"Laptop Sleeve",Government,1,23,10
2023-04-01,North America,Office Supplies,"Ink Cartridge Pack",SMB,9,758,269
2023-04-01,North America,Electronics,"Nimbus Tablet",Enterprise,11,7092,1403
2023-04-01,Europe,Furniture,"Standing Desk Pro",SMB,7,4434,925
2023-04-02,North America,Electronics,"Pulse Smartphone",Consumer,3,2911,651
2023-04-02,Asia Pacific,Accessories,"Wireless Mouse",Consumer,2,85,32
2023-04-02,Middle East,Electronics,"Nimbus Tablet",SMB,3,824,140
2023-04-03,Europe,Electronics,"Vertex Monitor 27"",Government,6,2073,298
2023-04-04,Europe,Accessories,"Mechanical Keyboard",SMB,9,1012,320
2023-04-05,Europe,Office Supplies,"Label Printer",Government,10,2112,534
2023-04-08,Latin America,Software,"Cloud Backup Plan",Government,2,378,223
2023-04-08,Europe,Accessories,"USB-C Hub",Enterprise,5,296,139
2023-04-08,Latin America,Accessories,"Laptop Sleeve",Consumer,1,27,10
2023-04-09,Asia Pacific,Software,"Design Studio License",Government,9,6277,3502
2023-04-10,Middle East,Office Supplies,"Label Printer",Government,6,733,212
2023-04-11,Latin America,Furniture,"Standing Desk Pro",SMB,5,1662,232
2023-04-11,Latin America,Electronics,"Vertex Monitor 27"",Enterprise,2,512,96
2023-04-12,Middle East,Electronics,"Echo Wireless Earbuds",Government,3,277,79
2023-04-12,Asia Pacific,Electronics,"Vertex Monitor 27"",Government,9,3222,503
2023-04-12,Asia Pacific,Software,"Analytics Suite License",SMB,2,2682,1877
2023-04-15,North America,Electronics,"Aurora Laptop 14"",SMB,2,2783,648
2023-04-17,Europe,Office Supplies,"Ink Cartridge Pack",Government,4,278,79
2023-04-17,Europe,Furniture,"Modular Bookshelf",Enterprise,7,1361,220
2023-04-18,North America,Accessories,"Wireless Mouse",Consumer,11,539,131
2023-04-19,Latin America,Software,"Design Studio License",Enterprise,5,2402,1486
2023-04-20,Latin America,Furniture,"Ergo Office Chair",Enterprise,7,1551,209
2023-04-20,Latin America,Office Supplies,"Ink Cartridge Pack",SMB,6,307,84
2023-04-21,Asia Pacific,Furniture,"Ergo Office Chair",Consumer,8,3084,343
2023-04-21,Latin America,Office Supplies,"Stapler Deluxe",Enterprise,2,30,10
2023-04-22,Asia Pacific,Furniture,"Conference Table XL",Consumer,6,5752,397
2023-04-24,Asia Pacific,Software,"Design Studio License",Government,6,5075,3801
2023-04-25,North America,Software,"Cloud Backup Plan",Government,9,2444,1672
2023-04-26,Middle East,Software,"Analytics Suite License",Consumer,2,1232,699
2023-04-26,North America,Furniture,"Modular Bookshelf",Consumer,7,1684,136
2023-04-26,North America,Electronics,"Vertex Monitor 27"",Government,5,2253,760
2023-04-27,North America,Electronics,"Nimbus Tablet",SMB,9,6498,1280
2023-04-28,Europe,Accessories,"Laptop Sleeve",Government,5,194,84
2023-05-01,Europe,Furniture,"Standing Desk Pro",Government,7,4664,643
2023-05-02,Europe,Electronics,"Vertex Monitor 27"",Enterprise,4,1514,413
2023-05-03,Asia Pacific,Electronics,"Vertex Monitor 27"",SMB,9,3623,1169
2023-05-03,North America,Furniture,"Standing Desk Pro",Enterprise,6,3948,698
2023-05-06,Latin America,Software,"Design Studio License",Government,2,1098,797
2023-05-07,Europe,Furniture,"Modular Bookshelf",Enterprise,4,1021,196
2023-05-07,North America,Electronics,"Vertex Monitor 27"",SMB,5,2349,621
2023-05-08,Asia Pacific,Software,"Cloud Backup Plan",Consumer,4,1042,615
2023-05-09,North America,Office Supplies,"Premium Notebook Set",Government,2,68,24
2023-05-11,Europe,Furniture,"Conference Table XL",Enterprise,4,3982,618
2023-05-11,Middle East,Furniture,"Conference Table XL",SMB,6,3466,465
2023-05-11,Europe,Electronics,"Echo Wireless Earbuds",Government,10,1489,278
2023-05-11,North America,Software,"Design Studio License",SMB,4,3476,2395
2023-05-12,North America,Furniture,"Conference Table XL",Consumer,9,12048,2254
2023-05-12,Asia Pacific,Accessories,"Mechanical Keyboard",Government,7,781,298
2023-05-12,Latin America,Accessories,"Mechanical Keyboard",Enterprise,2,201,75
2023-05-13,Asia Pacific,Accessories,"Wireless Mouse",Consumer,5,201,76
2023-05-13,Asia Pacific,Software,"Cloud Backup Plan",Enterprise,5,1269,745
2023-05-14,Asia Pacific,Software,"Analytics Suite License",Consumer,4,5470,3320
2023-05-16,Latin America,Electronics,"Nimbus Tablet",Enterprise,4,1644,314
2023-05-16,Middle East,Software,"Cloud Backup Plan",Consumer,5,774,528
2023-05-16,Latin America,Software,"Security Shield Pro",Enterprise,3,1102,781
2023-05-17,North America,Furniture,"Conference Table XL",SMB,10,9886,694
2023-05-17,Asia Pacific,Furniture,"Ergo Office Chair",SMB,12,4003,636
2023-05-18,Asia Pacific,Software,"Analytics Suite License",SMB,11,15066,8899
2023-05-18,North America,Office Supplies,"Premium Notebook Set",Enterprise,2,65,23
2023-05-19,Asia Pacific,Furniture,"Conference Table XL",Consumer,10,11735,1964
2023-05-19,North America,Electronics,"Echo Wireless Earbuds",Government,4,801,173
2023-05-20,Europe,Furniture,"Standing Desk Pro",SMB,1,533,54
2023-05-20,Latin America,Office Supplies,"Stapler Deluxe",SMB,4,69,24
2023-05-21,Europe,Office Supplies,"Ink Cartridge Pack",SMB,9,504,114
2023-05-22,Asia Pacific,Software,"Analytics Suite License",SMB,10,10716,5147
2023-05-23,Europe,Furniture,"Standing Desk Pro",SMB,5,2987,639
2023-05-23,Latin America,Electronics,"Pulse Smartphone",Government,5,2855,545
2023-05-24,Latin America,Electronics,"Vertex Monitor 27"",Consumer,2,468,106
2023-05-25,Europe,Electronics,"Echo Wireless Earbuds",SMB,2,298,54
2023-05-25,Latin America,Accessories,"Mechanical Keyboard",Enterprise,3,253,71
2023-05-26,Europe,Software,"Analytics Suite License",Enterprise,9,9611,6141
2023-05-27,Latin America,Furniture,"Ergo Office Chair",Consumer,2,531,64
2023-05-28,Asia Pacific,Office Supplies,"Label Printer",Consumer,3,625,173
2023-05-28,Europe,Office Supplies,"Label Printer",SMB,8,1692,576
2023-05-28,Middle East,Software,"Cloud Backup Plan",Consumer,2,323,184
2023-06-01,Middle East,Accessories,"USB-C Hub",Enterprise,2,66,29
2023-06-01,Latin America,Office Supplies,"Ink Cartridge Pack",Enterprise,4,220,79
2023-06-01,Middle East,Electronics,"Echo Wireless Earbuds",SMB,7,506,82
2023-06-01,Middle East,Office Supplies,"Label Printer",SMB,5,632,188
2023-06-01,Middle East,Furniture,"Ergo Office Chair",Consumer,7,1385,161
2023-06-01,Latin America,Office Supplies,"Premium Notebook Set",SMB,3,59,26
2023-06-05,Asia Pacific,Furniture,"Conference Table XL",Consumer,6,6268,1292
2023-06-05,Latin America,Electronics,"Nimbus Tablet",SMB,2,904,197
2023-06-06,Latin America,Furniture,"Ergo Office Chair",Government,3,715,122
2023-06-06,Europe,Accessories,"Mechanical Keyboard",SMB,3,443,137
2023-06-07,Asia Pacific,Furniture,"Ergo Office Chair",Consumer,5,1889,216
2023-06-07,Latin America,Electronics,"Vertex Monitor 27"",Government,3,762,200
2023-06-08,Europe,Office Supplies,"Premium Notebook Set",Consumer,5,143,36
2023-06-08,Europe,Software,"Cloud Backup Plan",Consumer,3,735,379
2023-06-08,Latin America,Accessories,"Wireless Mouse",Consumer,7,253,104
2023-06-08,North America,Electronics,"Aurora Laptop 14"",Government,5,7713,1572
2023-06-09,Europe,Furniture,"Modular Bookshelf",Consumer,1,262,41
2023-06-09,North America,Electronics,"Echo Wireless Earbuds",Government,5,1018,307
2023-06-11,Middle East,Office Supplies,"Stapler Deluxe",Government,4,50,11
2023-06-12,Europe,Office Supplies,"Label Printer",Government,8,1681,636
2023-06-12,Middle East,Accessories,"Wireless Mouse",Government,1,33,13
2023-06-12,Europe,Accessories,"Laptop Sleeve",SMB,2,84,39
2023-06-12,Europe,Accessories,"Wireless Mouse",Consumer,10,416,172
2023-06-13,Europe,Accessories,"Mechanical Keyboard",Government,10,1217,527
2023-06-13,Asia Pacific,Software,"Analytics Suite License",Consumer,3,4158,3046
2023-06-13,North America,Accessories,"USB-C Hub",Government,13,968,370
2023-06-13,Middle East,Accessories,"Mechanical Keyboard",SMB,2,167,67
2023-06-14,Middle East,Software,"Analytics Suite License",Consumer,5,3372,2251
2023-06-14,Asia Pacific,Office Supplies,"Stapler Deluxe",Government,7,189,57
2023-06-16,Latin America,Electronics,"Echo Wireless Earbuds",Consumer,2,183,46
2023-06-17,North America,Office Supplies,"Label Printer",SMB,11,3015,1106
2023-06-17,Europe,Furniture,"Conference Table XL",Consumer,3,2922,106
2023-06-18,Middle East,Office Supplies,"Stapler Deluxe",Government,2,29,9
2023-06-19,North America,Accessories,"Mechanical Keyboard",Enterprise,4,667,248
2023-06-19,Asia Pacific,Accessories,"Laptop Sleeve",Consumer,5,184,79
2023-06-20,Europe,Software,"Design Studio License",SMB,8,7102,4282
2023-06-20,Europe,Furniture,"Standing Desk Pro",Consumer,11,6248,1305
2023-06-21,Middle East,Furniture,"Conference Table XL",Government,5,3320,448
2023-06-21,Middle East,Accessories,"Wireless Mouse",Enterprise,7,175,51
2023-06-22,Asia Pacific,Software,"Analytics Suite License",Enterprise,2,2423,1363
2023-06-23,North America,Office Supplies,"Label Printer",Government,4,836,229
2023-06-23,Middle East,Software,"Design Studio License",SMB,4,1926,1096
2023-06-24,Europe,Office Supplies,"Ink Cartridge Pack",SMB,7,506,205
2023-06-24,Asia Pacific,Electronics,"Nimbus Tablet",SMB,4,2757,692
2023-06-25,North America,Furniture,"Ergo Office Chair",Enterprise,5,2173,431
2023-06-27,Latin America,Accessories,"Laptop Sleeve",Consumer,6,153,72
2023-06-28,North America,Electronics,"Aurora Laptop 14"",Enterprise,3,4256,937
2023-06-28,Asia Pacific,Furniture,"Ergo Office Chair",Enterprise,5,1427,149
2023-06-28,North America,Electronics,"Pulse Smartphone",SMB,13,15455,5143
2023-06-28,North America,Software,"Security Shield Pro",Consumer,6,5251,3981
2023-07-01,Europe,Software,"Cloud Backup Plan",SMB,6,1439,700
2023-07-01,North America,Furniture,"Modular Bookshelf",Consumer,9,2658,410
2023-07-01,North America,Office Supplies,"Stapler Deluxe",SMB,8,215,73
2023-07-03,Latin America,Electronics,"Vertex Monitor 27"",SMB,5,1381,430
2023-07-04,North America,Software,"Analytics Suite License",Consumer,2,3075,2003
2023-07-04,Europe,Furniture,"Modular Bookshelf",Consumer,8,1894,272
2023-07-05,Asia Pacific,Furniture,"Modular Bookshelf",Enterprise,11,2651,446
2023-07-05,Asia Pacific,Furniture,"Standing Desk Pro",Consumer,10,6321,841
2023-07-06,Middle East,Accessories,"Laptop Sleeve",SMB,4,88,31
2023-07-06,North America,Furniture,"Conference Table XL",Government,11,12561,2466
2023-07-07,Europe,Software,"Design Studio License",Consumer,4,3152,1758
2023-07-07,Europe,Software,"Cloud Backup Plan",Consumer,3,705,482
2023-07-07,North America,Software,"Cloud Backup Plan",Enterprise,8,2595,1907
2023-07-07,Asia Pacific,Software,"Design Studio License",Enterprise,9,7345,5051
2023-07-08,Latin America,Electronics,"Aurora Laptop 14"",Consumer,6,5016,1618
2023-07-08,Asia Pacific,Accessories,"Wireless Mouse",Consumer,2,104,44
2023-07-08,Middle East,Furniture,"Standing Desk Pro",Government,3,978,149
2023-07-10,Middle East,Accessories,"Laptop Sleeve",Enterprise,1,26,9
2023-07-11,North America,Office Supplies,"Label Printer",Enterprise,4,899,295
2023-07-12,Europe,Accessories,"USB-C Hub",Enterprise,5,289,114
2023-07-12,Latin America,Software,"Analytics Suite License",Consumer,5,4569,2949
2023-07-13,North America,Electronics,"Vertex Monitor 27"",Enterprise,10,4282,953
2023-07-13,Latin America,Furniture,"Standing Desk Pro",SMB,3,1159,201
2023-07-14,Europe,Furniture,"Modular Bookshelf",SMB,6,1157,168
2023-07-14,Middle East,Electronics,"Aurora Laptop 14"",Enterprise,6,5139,1406
2023-07-15,North America,Software,"Cloud Backup Plan",Government,2,495,317
2023-07-15,North America,Accessories,"Laptop Sleeve",Enterprise,4,173,74
2023-07-15,Asia Pacific,Accessories,"Wireless Mouse",SMB,4,198,69
2023-07-17,Latin America,Software,"Cloud Backup Plan",Consumer,6,983,527
2023-07-17,Latin America,Furniture,"Ergo Office Chair",Enterprise,1,239,32
2023-07-17,Asia Pacific,Furniture,"Conference Table XL",Consumer,5,5490,911
2023-07-18,Middle East,Electronics,"Aurora Laptop 14"",Enterprise,1,720,195
2023-07-18,North America,Furniture,"Standing Desk Pro",Consumer,4,2862,347
2023-07-18,Latin America,Furniture,"Standing Desk Pro",Consumer,1,423,80
2023-07-20,Middle East,Office Supplies,"Stapler Deluxe",Enterprise,1,13,4
2023-07-20,Middle East,Electronics,"Vertex Monitor 27"",Enterprise,5,1097,349
2023-07-22,Asia Pacific,Furniture,"Ergo Office Chair",SMB,9,3051,597
2023-07-22,Latin America,Accessories,"USB-C Hub",Government,6,261,116
2023-07-22,North America,Accessories,"Mechanical Keyboard",Consumer,12,2046,1023
2023-07-22,Middle East,Accessories,"Laptop Sleeve",Government,3,66,24
2023-07-23,Latin America,Furniture,"Modular Bookshelf",Government,1,135,12
2023-07-24,Europe,Office Supplies,"Label Printer",Government,11,2114,683
2023-07-25,Asia Pacific,Furniture,"Ergo Office Chair",Consumer,3,1028,143
2023-07-26,Latin America,Electronics,"Echo Wireless Earbuds",Consumer,4,393,110
2023-07-26,North America,Accessories,"Laptop Sleeve",Government,8,397,164
2023-07-27,Middle East,Software,"Security Shield Pro",SMB,7,3280,1866
2023-08-01,Latin America,Office Supplies,"Label Printer",Consumer,6,918,336
2023-08-01,Latin America,Furniture,"Standing Desk Pro",SMB,4,1754,235
2023-08-03,Asia Pacific,Accessories,"Wireless Mouse",Consumer,10,431,157
2023-08-03,North America,Furniture,"Ergo Office Chair",SMB,10,4260,443
2023-08-04,Middle East,Accessories,"Laptop Sleeve",Enterprise,6,123,54
2023-08-04,North America,Accessories,"Laptop Sleeve",Government,3,136,64
2023-08-04,Middle East,Office Supplies,"Stapler Deluxe",Enterprise,3,38,11
2023-08-05,Latin America,Accessories,"USB-C Hub",Consumer,7,312,145
2023-08-07,Latin America,Furniture,"Ergo Office Chair",SMB,7,1661,213
2023-08-07,Europe,Software,"Security Shield Pro",Government,3,1532,835
2023-08-08,Latin America,Electronics,"Vertex Monitor 27"",Consumer,8,2075,529
2023-08-08,Latin America,Software,"Security Shield Pro",Government,2,875,511
2023-08-10,Asia Pacific,Office Supplies,"Label Printer",Government,2,452,115
2023-08-10,Middle East,Software,"Analytics Suite License",Enterprise,6,4006,2552
2023-08-10,Asia Pacific,Software,"Security Shield Pro",Government,12,7727,5449
2023-08-10,Asia Pacific,Office Supplies,"Label Printer",Consumer,1,175,40
2023-08-11,Middle East,Electronics,"Echo Wireless Earbuds",Consumer,2,186,34
2023-08-11,Europe,Furniture,"Standing Desk Pro",Consumer,8,3707,103
2023-08-12,Asia Pacific,Office Supplies,"Ink Cartridge Pack",SMB,8,464,131
2023-08-12,North America,Office Supplies,"Stapler Deluxe",Government,10,272,91
2023-08-13,North America,Electronics,"Echo Wireless Earbuds",Consumer,5,800,169
2023-08-14,Latin America,Accessories,"Laptop Sleeve",SMB,6,171,57
2023-08-15,North America,Office Supplies,"Ink Cartridge Pack",Consumer,5,398,179
2023-08-15,Middle East,Accessories,"Laptop Sleeve",Enterprise,6,142,58
2023-08-16,Asia Pacific,Furniture,"Modular Bookshelf",SMB,5,1184,174
2023-08-18,Asia Pacific,Office Supplies,"Label Printer",Enterprise,6,1269,427
2023-08-18,Latin America,Accessories,"USB-C Hub",Consumer,2,74,34
2023-08-19,Europe,Office Supplies,"Stapler Deluxe",Government,10,218,59
2023-08-20,North America,Office Supplies,"Label Printer",Enterprise,4,944,273
2023-08-20,North America,Office Supplies,"Label Printer",Government,7,1471,635
2023-08-21,Middle East,Furniture,"Modular Bookshelf",Enterprise,1,118,8
2023-08-23,North America,Office Supplies,"Label Printer",SMB,5,1087,397
2023-08-23,Asia Pacific,Electronics,"Vertex Monitor 27"",Consumer,9,3854,920
2023-08-25,Latin America,Software,"Security Shield Pro",SMB,7,3233,1952
2023-08-26,Middle East,Electronics,"Vertex Monitor 27"",Consumer,6,1260,380
2023-08-26,Latin America,Accessories,"Mechanical Keyboard",Consumer,7,651,252
2023-08-26,Latin America,Electronics,"Pulse Smartphone",Government,4,2363,543
2023-08-27,Latin America,Software,"Analytics Suite License",Government,2,1438,737
2023-08-27,Asia Pacific,Office Supplies,"Stapler Deluxe",SMB,8,209,53
2023-08-27,Europe,Furniture,"Standing Desk Pro",SMB,7,4057,595
2023-08-28,Middle East,Office Supplies,"Ink Cartridge Pack",SMB,6,236,76
2023-09-05,Europe,Office Supplies,"Stapler Deluxe",Government,4,95,35
2023-09-06,Latin America,Accessories,"Mechanical Keyboard",Consumer,7,562,206
2023-09-07,North America,Office Supplies,"Ink Cartridge Pack",Government,6,476,208
2023-09-09,North America,Software,"Security Shield Pro",SMB,6,3981,2696
2023-09-09,Europe,Accessories,"Wireless Mouse",Enterprise,2,77,31
2023-09-10,Middle East,Office Supplies,"Premium Notebook Set",Consumer,5,76,30
2023-09-11,North America,Electronics,"Echo Wireless Earbuds",Consumer,10,1526,435
2023-09-11,Latin America,Accessories,"USB-C Hub",Consumer,3,100,45
2023-09-11,North America,Accessories,"USB-C Hub",Government,3,171,63
2023-09-11,Europe,Accessories,"Laptop Sleeve",SMB,10,365,140
2023-09-11,North America,Office Supplies,"Stapler Deluxe",Enterprise,8,222,90
2023-09-11,North America,Furniture,"Standing Desk Pro",Government,3,1957,239
2023-09-12,Asia Pacific,Accessories,"Mechanical Keyboard",Government,5,509,136
2023-09-13,Middle East,Furniture,"Ergo Office Chair",SMB,5,808,125
2023-09-14,North America,Office Supplies,"Ink Cartridge Pack",SMB,1,79,22
2023-09-14,Asia Pacific,Software,"Analytics Suite License",Government,8,10765,6974
2023-09-15,Europe,Furniture,"Ergo Office Chair",SMB,9,2872,325
2023-09-15,Middle East,Office Supplies,"Premium Notebook Set",Enterprise,5,81,24
2023-09-18,Europe,Software,"Security Shield Pro",SMB,10,6514,3586
2023-09-20,Asia Pacific,Electronics,"Echo Wireless Earbuds",Consumer,9,1136,195
2023-09-21,Asia Pacific,Furniture,"Conference Table XL",SMB,4,3975,522
2023-09-21,North America,Furniture,"Ergo Office Chair",SMB,11,3434,254
2023-09-21,North America,Accessories,"Laptop Sleeve",Consumer,4,146,57
2023-09-22,Middle East,Software,"Design Studio License",Enterprise,5,2261,1525
2023-09-23,Middle East,Electronics,"Pulse Smartphone",Enterprise,1,455,122
2023-10-01,Asia Pacific,Software,"Security Shield Pro",Government,6,3803,2753
2023-10-04,North America,Electronics,"Echo Wireless Earbuds",Government,4,616,125
2023-10-05,North America,Electronics,"Vertex Monitor 27"",Consumer,8,2812,419
2023-10-06,North America,Software,"Cloud Backup Plan",Enterprise,7,1633,997
2023-10-06,North America,Accessories,"USB-C Hub",Enterprise,1,65,26
2023-10-06,Middle East,Software,"Analytics Suite License",Government,3,2204,1609
2023-10-11,Latin America,Office Supplies,"Premium Notebook Set",SMB,4,68,13
2023-10-13,Europe,Accessories,"Laptop Sleeve",Enterprise,2,58,16
2023-10-13,Asia Pacific,Accessories,"USB-C Hub",Enterprise,8,439,134
2023-10-14,Latin America,Furniture,"Ergo Office Chair",Consumer,1,240,27
2023-10-14,Middle East,Accessories,"USB-C Hub",SMB,7,249,100
2023-10-15,Middle East,Furniture,"Ergo Office Chair",Enterprise,3,567,107
2023-10-17,Europe,Software,"Security Shield Pro",SMB,6,3576,2026
2023-10-17,Asia Pacific,Software,"Analytics Suite License",SMB,8,10273,6479
2023-10-17,Latin America,Software,"Analytics Suite License",Government,2,1502,804
2023-10-17,North America,Electronics,"Pulse Smartphone",Government,11,9490,1511
2023-10-18,Europe,Office Supplies,"Ink Cartridge Pack",Enterprise,5,362,146
2023-10-19,Europe,Software,"Cloud Backup Plan",SMB,4,928,624
2023-10-21,Middle East,Furniture,"Modular Bookshelf",Government,4,532,102
2023-10-22,Middle East,Office Supplies,"Label Printer",Government,5,527,236
2023-10-22,Middle East,Electronics,"Vertex Monitor 27"",Enterprise,1,179,46
2023-10-22,North America,Office Supplies,"Premium Notebook Set",Consumer,6,199,80
2023-10-25,Europe,Electronics,"Pulse Smartphone",Government,3,2236,527
2023-10-26,Middle East,Office Supplies,"Ink Cartridge Pack",Government,7,268,71
2023-10-28,North America,Software,"Design Studio License",Consumer,10,9193,6606
2023-10-28,Middle East,Software,"Design Studio License",Government,3,1429,1033
2023-11-02,Asia Pacific,Furniture,"Modular Bookshelf",Government,11,2190,405
2023-11-04,Middle East,Furniture,"Modular Bookshelf",Consumer,3,350,70
2023-11-05,Latin America,Furniture,"Standing Desk Pro",Enterprise,2,724,134
2023-11-07,North America,Electronics,"Nimbus Tablet",Government,2,1201,317
2023-11-08,Latin America,Office Supplies,"Label Printer",Enterprise,6,685,229
2023-11-09,Latin America,Office Supplies,"Premium Notebook Set",Enterprise,3,51,20
2023-11-09,Asia Pacific,Electronics,"Echo Wireless Earbuds",Enterprise,10,1331,273
2023-11-09,Europe,Office Supplies,"Stapler Deluxe",Enterprise,11,254,108
2023-11-09,Middle East,Office Supplies,"Ink Cartridge Pack",SMB,4,158,42
2023-11-10,Middle East,Accessories,"USB-C Hub",Consumer,2,64,29
2023-11-15,Europe,Furniture,"Standing Desk Pro",SMB,10,5241,792
2023-11-15,Europe,Software,"Design Studio License",Government,4,2288,1216
2023-11-15,Latin America,Electronics,"Echo Wireless Earbuds",Government,8,823,173
2023-11-16,North America,Electronics,"Pulse Smartphone",Enterprise,11,10229,2991
2023-11-17,Asia Pacific,Software,"Design Studio License",Enterprise,11,7469,4427
2023-11-17,Latin America,Software,"Analytics Suite License",SMB,2,1606,1175
2023-11-17,Europe,Software,"Design Studio License",Government,4,2670,1488
2023-11-21,Middle East,Accessories,"Laptop Sleeve",Consumer,3,63,29
2023-11-22,Middle East,Software,"Design Studio License",Government,4,1562,1135
2023-11-23,Latin America,Software,"Security Shield Pro",Consumer,2,798,576
2023-11-24,Asia Pacific,Accessories,"Mechanical Keyboard",Government,4,469,209
2023-11-24,Latin America,Software,"Design Studio License",Government,1,486,293
2023-11-25,Latin America,Office Supplies,"Premium Notebook Set",SMB,4,68,23
2023-11-25,Europe,Office Supplies,"Premium Notebook Set",Consumer,7,191,73
2023-11-26,Latin America,Accessories,"Mechanical Keyboard",Enterprise,4,286,85
2023-11-27,Latin America,Office Supplies,"Label Printer",Consumer,7,954,337
2023-12-01,Middle East,Office Supplies,"Ink Cartridge Pack",Consumer,1,37,17
2023-12-02,Middle East,Office Supplies,"Stapler Deluxe",Enterprise,4,50,17
2023-12-03,Europe,Accessories,"Laptop Sleeve",Enterprise,2,60,19
2023-12-03,Middle East,Furniture,"Standing Desk Pro",Enterprise,6,1791,193
2023-12-05,North America,Accessories,"Laptop Sleeve",Enterprise,11,432,181
2023-12-05,Asia Pacific,Accessories,"USB-C Hub",Enterprise,4,200,60
2023-12-09,Europe,Furniture,"Ergo Office Chair",Government,4,980,141
2023-12-10,Latin America,Electronics,"Aurora Laptop 14"",Consumer,5,3729,1068
2023-12-10,Middle East,Electronics,"Nimbus Tablet",Consumer,1,297,76
2023-12-12,Asia Pacific,Accessories,"USB-C Hub",Government,11,579,252
2023-12-12,Latin America,Furniture,"Standing Desk Pro",Consumer,4,1521,305
2023-12-12,North America,Furniture,"Standing Desk Pro",Consumer,4,2163,258
2023-12-13,Latin America,Furniture,"Standing Desk Pro",Government,6,2428,448
2023-12-15,Middle East,Furniture,"Ergo Office Chair",Consumer,1,163,17
2023-12-16,Europe,Electronics,"Echo Wireless Earbuds",Government,6,795,164
2023-12-17,Middle East,Software,"Cloud Backup Plan",SMB,2,263,167
2023-12-17,Asia Pacific,Software,"Design Studio License",Enterprise,3,2336,1582
2023-12-18,Latin America,Office Supplies,"Stapler Deluxe",Government,7,82,24
2023-12-19,Middle East,Office Supplies,"Stapler Deluxe",Consumer,4,50,15
2023-12-19,Latin America,Software,"Security Shield Pro",Government,3,1166,698
2023-12-21,North America,Furniture,"Ergo Office Chair",SMB,3,1131,237
2023-12-22,Asia Pacific,Office Supplies,"Ink Cartridge Pack",SMB,10,618,171
2023-12-23,North America,Office Supplies,"Stapler Deluxe",Government,2,47,18
2023-12-24,Asia Pacific,Software,"Security Shield Pro",Enterprise,3,2083,1563
2023-12-24,North America,Electronics,"Nimbus Tablet",SMB,6,3776,1027
2023-12-25,Europe,Furniture,"Standing Desk Pro",Enterprise,1,483,100
2023-12-28,Europe,Office Supplies,"Label Printer",Government,6,1144,418
2023-12-28,Asia Pacific,Software,"Analytics Suite License",Consumer,4,4841,3504
2024-01-02,Asia Pacific,Electronics,"Nimbus Tablet",SMB,9,4610,1167
2024-01-03,Europe,Software,"Cloud Backup Plan",Enterprise,3,779,588
2024-01-05,Latin America,Office Supplies,"Stapler Deluxe",Enterprise,8,106,33
2024-01-06,Asia Pacific,Accessories,"Wireless Mouse",Enterprise,5,264,83
2024-01-07,Latin America,Software,"Analytics Suite License",Government,3,2792,2030
2024-01-09,Middle East,Office Supplies,"Label Printer",Government,2,244,102
2024-01-10,North America,Software,"Design Studio License",Enterprise,1,796,496
2024-01-10,Middle East,Software,"Analytics Suite License",Consumer,6,4021,2233
2024-01-10,Asia Pacific,Accessories,"Wireless Mouse",Enterprise,11,481,179
2024-01-11,North America,Furniture,"Modular Bookshelf",Enterprise,11,2417,260
2024-01-13,North America,Office Supplies,"Ink Cartridge Pack",Enterprise,8,612,222
2024-01-13,Europe,Software,"Cloud Backup Plan",SMB,9,2092,1500
2024-01-14,Europe,Electronics,"Vertex Monitor 27"",SMB,2,787,176
2024-01-14,North America,Furniture,"Conference Table XL",SMB,10,12790,2397
2024-01-16,North America,Accessories,"Mechanical Keyboard",Government,2,256,111
2024-01-16,Latin America,Accessories,"USB-C Hub",Government,4,169,84
2024-01-18,North America,Electronics,"Vertex Monitor 27"",Enterprise,12,5196,976
2024-01-19,Middle East,Electronics,"Aurora Laptop 14"",Government,4,2662,661
2024-01-20,North America,Office Supplies,"Label Printer",Government,10,1657,490
2024-01-22,Asia Pacific,Accessories,"Wireless Mouse",Enterprise,6,246,56
2024-01-23,Latin America,Furniture,"Modular Bookshelf",Consumer,1,146,19
2024-01-23,Europe,Office Supplies,"Ink Cartridge Pack",Consumer,7,505,185
2024-01-23,North America,Software,"Security Shield Pro",Enterprise,11,7793,5057
2024-01-23,Europe,Electronics,"Pulse Smartphone",Government,7,5535,1238
2024-01-26,Latin America,Accessories,"Laptop Sleeve",Government,4,93,29
2024-02-01,Middle East,Software,"Security Shield Pro",Enterprise,1,462,339
2024-02-01,North America,Electronics,"Echo Wireless Earbuds",Government,4,711,213
2024-02-01,Middle East,Electronics,"Pulse Smartphone",Consumer,6,3459,720
2024-02-02,North America,Accessories,"USB-C Hub",SMB,7,494,233
2024-02-03,Asia Pacific,Electronics,"Echo Wireless Earbuds",Enterprise,11,1591,444
2024-02-05,North America,Office Supplies,"Stapler Deluxe",Enterprise,6,163,41
2024-02-05,Europe,Office Supplies,"Label Printer",Consumer,2,437,129
2024-02-06,Middle East,Office Supplies,"Stapler Deluxe",Enterprise,5,64,22
2024-02-07,North America,Electronics,"Vertex Monitor 27"",SMB,2,831,202
2024-02-07,Middle East,Electronics,"Nimbus Tablet",SMB,1,340,75
2024-02-07,North America,Software,"Analytics Suite License",Enterprise,10,12995,6972
2024-02-08,Middle East,Accessories,"USB-C Hub",SMB,4,143,43
2024-02-09,North America,Software,"Design Studio License",SMB,11,8078,4688
2024-02-09,Asia Pacific,Office Supplies,"Stapler Deluxe",Consumer,1,26,10
2024-02-12,Middle East,Software,"Cloud Backup Plan",Consumer,5,773,436
2024-02-14,North America,Furniture,"Modular Bookshelf",Consumer,12,3432,486
2024-02-14,Middle East,Accessories,"Wireless Mouse",Enterprise,3,91,38
2024-02-15,Latin America,Accessories,"Mechanical Keyboard",SMB,5,479,223
2024-02-16,North America,Office Supplies,"Ink Cartridge Pack",Government,5,417,149
2024-02-17,Asia Pacific,Office Supplies,"Label Printer",Enterprise,8,1675,458
2024-02-17,Asia Pacific,Electronics,"Nimbus Tablet",Enterprise,12,7203,1655
2024-02-18,Middle East,Software,"Security Shield Pro",Government,7,2796,1696
2024-02-20,North America,Accessories,"USB-C Hub",Enterprise,6,406,192
2024-02-20,Europe,Office Supplies,"Stapler Deluxe",SMB,8,197,53
2024-02-22,Middle East,Furniture,"Standing Desk Pro",Enterprise,2,632,96
2024-02-22,Latin America,Furniture,"Conference Table XL",Enterprise,4,2829,305
2024-02-23,North America,Furniture,"Ergo Office Chair",Enterprise,12,4530,644
2024-02-23,Middle East,Furniture,"Ergo Office Chair",Government,3,574,105
2024-02-24,North America,Accessories,"Laptop Sleeve",Enterprise,3,127,43
2024-02-24,Europe,Office Supplies,"Stapler Deluxe",Government,5,124,50
2024-02-25,North America,Software,"Security Shield Pro",SMB,12,8362,5980
2024-02-25,North America,Software,"Cloud Backup Plan",Government,6,1518,834
2024-02-26,Europe,Furniture,"Conference Table XL",SMB,10,9403,569
2024-03-01,Middle East,Software,"Design Studio License",Enterprise,2,991,711
2024-03-02,Asia Pacific,Office Supplies,"Stapler Deluxe",Consumer,7,174,48
2024-03-03,North America,Furniture,"Standing Desk Pro",SMB,5,3953,713
2024-03-04,Europe,Accessories,"Mechanical Keyboard",Consumer,1,146,52
2024-03-04,North America,Accessories,"Laptop Sleeve",Consumer,13,574,197
2024-03-06,Middle East,Electronics,"Vertex Monitor 27"",Consumer,5,1097,137
2024-03-06,Asia Pacific,Electronics,"Echo Wireless Earbuds",SMB,7,994,198
2024-03-06,Europe,Software,"Security Shield Pro",Consumer,1,673,402
2024-03-07,Asia Pacific,Electronics,"Aurora Laptop 14"",SMB,10,11283,2613
2024-03-07,Middle East,Accessories,"Mechanical Keyboard",Enterprise,7,575,271
2024-03-08,Middle East,Accessories,"USB-C Hub",Government,2,64,24
2024-03-08,Europe,Furniture,"Modular Bookshelf",Enterprise,5,1088,214
2024-03-09,Middle East,Accessories,"Laptop Sleeve",Consumer,2,47,19
2024-03-10,Europe,Electronics,"Aurora Laptop 14"",SMB,11,15883,5121
2024-03-10,Asia Pacific,Office Supplies,"Label Printer",Consumer,2,422,131
2024-03-11,Middle East,Software,"Cloud Backup Plan",Consumer,2,330,249
2024-03-11,Asia Pacific,Software,"Security Shield Pro",Enterprise,9,5397,3734
2024-03-12,Europe,Office Supplies,"Ink Cartridge Pack",SMB,10,674,202
2024-03-13,Middle East,Accessories,"USB-C Hub",Government,5,209,64
2024-03-13,North America,Software,"Cloud Backup Plan",Enterprise,6,1860,1110
2024-03-13,Asia Pacific,Office Supplies,"Ink Cartridge Pack",Consumer,9,665,246
2024-03-15,Middle East,Software,"Design Studio License",Government,6,2862,2149
2024-03-15,Middle East,Furniture,"Modular Bookshelf",Government,7,923,149
2024-03-17,Europe,Furniture,"Modular Bookshelf",Consumer,8,1738,267
2024-03-17,North America,Furniture,"Standing Desk Pro",Consumer,7,4842,610
2024-03-17,Latin America,Furniture,"Conference Table XL",Consumer,3,2514,415
2024-03-18,Asia Pacific,Office Supplies,"Stapler Deluxe",SMB,9,222,92
2024-03-18,Asia Pacific,Software,"Analytics Suite License",Government,5,7825,4812
2024-03-18,Asia Pacific,Electronics,"Echo Wireless Earbuds",Enterprise,8,1238,196
2024-03-19,North America,Office Supplies,"Label Printer",Enterprise,3,784,235
2024-03-19,Latin America,Software,"Security Shield Pro",Consumer,2,1055,618
2024-03-21,Middle East,Office Supplies,"Stapler Deluxe",SMB,2,30,8
2024-03-21,Latin America,Office Supplies,"Ink Cartridge Pack",Consumer,4,154,57
2024-03-25,Latin America,Furniture,"Ergo Office Chair",SMB,2,533,59
2024-03-25,Latin America,Software,"Cloud Backup Plan",Government,1,190,147
2024-03-25,Asia Pacific,Office Supplies,"Stapler Deluxe",Enterprise,3,80,20
2024-03-26,Middle East,Furniture,"Standing Desk Pro",Government,4,1557,335
2024-03-26,Middle East,Accessories,"USB-C Hub",Consumer,2,76,33
2024-03-27,Europe,Office Supplies,"Label Printer",Consumer,11,2477,696
2024-03-27,North America,Software,"Cloud Backup Plan",Government,10,3135,1691
2024-03-27,Latin America,Electronics,"Pulse Smartphone",SMB,7,4748,1120
2024-03-28,Latin America,Electronics,"Aurora Laptop 14"",Enterprise,1,1017,276
2024-04-01,Middle East,Office Supplies,"Stapler Deluxe",SMB,4,69,24
2024-04-02,Asia Pacific,Office Supplies,"Stapler Deluxe",Government,4,103,35
2024-04-04,Middle East,Office Supplies,"Label Printer",SMB,1,143,53
2024-04-05,Europe,Accessories,"USB-C Hub",Government,4,253,90
2024-04-05,North America,Accessories,"USB-C Hub",SMB,3,218,96
2024-04-06,North America,Accessories,"Laptop Sleeve",SMB,10,483,208
2024-04-07,North America,Software,"Security Shield Pro",Enterprise,3,2719,2057
2024-04-07,Asia Pacific,Electronics,"Aurora Laptop 14"",Government,4,5579,1049
2024-04-07,North America,Office Supplies,"Label Printer",Government,2,441,86
2024-04-09,Europe,Office Supplies,"Premium Notebook Set",Enterprise,7,257,99
2024-04-09,Asia Pacific,Furniture,"Conference Table XL",Enterprise,8,10418,1951
2024-04-09,North America,Electronics,"Pulse Smartphone",Government,10,10523,3094
2024-04-10,Europe,Electronics,"Vertex Monitor 27"",Enterprise,11,5199,1035
2024-04-11,Europe,Accessories,"USB-C Hub",Government,9,652,312
2024-04-12,Latin America,Accessories,"Laptop Sleeve",Enterprise,1,29,12
2024-04-13,Latin America,Furniture,"Ergo Office Chair",Consumer,4,1039,66
2024-04-13,Middle East,Furniture,"Standing Desk Pro",SMB,2,784,137
2024-04-14,Asia Pacific,Furniture,"Conference Table XL",Government,11,13332,2532
2024-04-15,Middle East,Software,"Analytics Suite License",Consumer,2,1559,1120
2024-04-15,Latin America,Accessories,"USB-C Hub",Government,1,49,16
2024-04-16,North America,Accessories,"Mechanical Keyboard",Consumer,11,1755,817
2024-04-18,Latin America,Electronics,"Echo Wireless Earbuds",SMB,8,994,233
2024-04-20,Europe,Furniture,"Ergo Office Chair",Government,4,1686,288
2024-04-20,Europe,Software,"Design Studio License",SMB,2,1817,1000
2024-04-22,Middle East,Electronics,"Aurora Laptop 14"",Government,5,4252,680
2024-04-22,Asia Pacific,Furniture,"Standing Desk Pro",Government,9,6721,1446
2024-04-22,Europe,Furniture,"Modular Bookshelf",Enterprise,2,498,81
2024-04-23,Latin America,Electronics,"Vertex Monitor 27"",Government,6,2046,645
2024-04-25,Europe,Office Supplies,"Premium Notebook Set",Consumer,11,369,145
2024-04-25,North America,Electronics,"Aurora Laptop 14"",SMB,7,13277,3182
2024-04-26,Asia Pacific,Office Supplies,"Premium Notebook Set",Enterprise,4,132,44
2024-04-26,Latin America,Electronics,"Pulse Smartphone",Enterprise,4,2580,866
2024-04-26,Europe,Software,"Design Studio License",Enterprise,8,6123,3641
2024-04-26,North America,Furniture,"Modular Bookshelf",Consumer,13,4391,507
2024-04-27,Middle East,Office Supplies,"Premium Notebook Set",Enterprise,6,122,41
2024-04-27,North America,Office Supplies,"Premium Notebook Set",Government,2,86,27
2024-04-27,Middle East,Accessories,"USB-C Hub",Government,6,261,129
2024-04-28,Asia Pacific,Electronics,"Aurora Laptop 14"",Government,1,1671,398
2024-04-28,North America,Electronics,"Pulse Smartphone",Consumer,12,13025,2454
2024-04-28,North America,Office Supplies,"Premium Notebook Set",SMB,6,235,100
2024-04-28,North America,Software,"Security Shield Pro",Government,4,3921,2450
2024-05-01,Middle East,Accessories,"Laptop Sleeve",Enterprise,7,200,75
2024-05-01,Latin America,Software,"Analytics Suite License",Government,4,4565,2848
2024-05-01,Latin America,Accessories,"Wireless Mouse",Government,4,152,59
2024-05-02,Middle East,Software,"Cloud Backup Plan",SMB,1,174,115
2024-05-03,Middle East,Furniture,"Conference Table XL",Enterprise,4,2789,171
2024-05-04,Europe,Electronics,"Nimbus Tablet",SMB,10,6321,2083
2024-05-04,Asia Pacific,Office Supplies,"Label Printer",SMB,11,2605,1049
2024-05-06,Asia Pacific,Accessories,"USB-C Hub",Enterprise,11,895,398
2024-05-06,North America,Office Supplies,"Stapler Deluxe",Enterprise,3,96,32
2024-05-07,Middle East,Electronics,"Aurora Laptop 14"",SMB,7,6015,1337
2024-05-07,Asia Pacific,Furniture,"Conference Table XL",Government,4,5375,832
2024-05-09,North America,Accessories,"Wireless Mouse",Government,2,146,55
2024-05-09,Latin America,Office Supplies,"Ink Cartridge Pack",SMB,6,350,115
2024-05-11,Latin America,Electronics,"Pulse Smartphone",Government,2,1614,291
2024-05-11,Europe,Office Supplies,"Ink Cartridge Pack",SMB,5,407,139
2024-05-12,Europe,Furniture,"Conference Table XL",Enterprise,3,3527,713
2024-05-13,Latin America,Furniture,"Modular Bookshelf",Enterprise,1,190,30
2024-05-14,Europe,Furniture,"Modular Bookshelf",SMB,7,1873,350
2024-05-14,Asia Pacific,Office Supplies,"Stapler Deluxe",Enterprise,12,328,105
2024-05-14,North America,Accessories,"Wireless Mouse",Consumer,5,331,136
2024-05-14,North America,Software,"Cloud Backup Plan",Government,9,2998,2205
2024-05-15,Latin America,Software,"Design Studio License",Enterprise,7,5024,3676
2024-05-15,Latin America,Furniture,"Standing Desk Pro",Government,6,2721,587
2024-05-15,Asia Pacific,Furniture,"Standing Desk Pro",SMB,4,2814,441
2024-05-15,North America,Office Supplies,"Ink Cartridge Pack",Consumer,12,1076,375
2024-05-16,Middle East,Office Supplies,"Ink Cartridge Pack",Enterprise,3,166,60
2024-05-16,Latin America,Software,"Analytics Suite License",SMB,4,4741,3651
2024-05-17,Europe,Office Supplies,"Premium Notebook Set",SMB,7,243,64
2024-05-17,North America,Accessories,"USB-C Hub",Government,9,770,274
2024-05-17,Europe,Furniture,"Ergo Office Chair",Consumer,3,1067,119
2024-05-18,Middle East,Furniture,"Conference Table XL",SMB,5,3554,524
2024-05-19,Europe,Electronics,"Echo Wireless Earbuds",Enterprise,6,816,130
2024-05-22,Europe,Software,"Design Studio License",Government,4,3542,2158
2024-05-22,Asia Pacific,Electronics,"Vertex Monitor 27"",SMB,5,2235,609
2024-05-22,Latin America,Furniture,"Modular Bookshelf",Government,4,793,87
2024-05-24,North America,Office Supplies,"Premium Notebook Set",Consumer,4,167,57
2024-05-24,Europe,Furniture,"Ergo Office Chair",Government,8,3070,372
2024-05-24,Europe,Office Supplies,"Stapler Deluxe",SMB,1,31,8
2024-05-26,Middle East,Software,"Design Studio License",Enterprise,4,1668,1101
2024-05-26,Middle East,Software,"Cloud Backup Plan",Enterprise,6,1142,872
2024-05-26,Europe,Electronics,"Aurora Laptop 14"",Enterprise,7,10224,3407
2024-05-26,Europe,Software,"Cloud Backup Plan",SMB,5,1396,779
2024-05-26,North America,Electronics,"Echo Wireless Earbuds",Enterprise,6,1375,413
2024-05-26,North America,Office Supplies,"Stapler Deluxe",Government,3,108,41
2024-05-26,Middle East,Software,"Design Studio License",Government,6,3080,1774
2024-05-27,Europe,Accessories,"Laptop Sleeve",Consumer,7,326,119
2024-05-27,North America,Software,"Analytics Suite License",Consumer,12,18202,10098
2024-05-27,Europe,Software,"Design Studio License",Enterprise,11,8299,4028
2024-05-28,Asia Pacific,Furniture,"Conference Table XL",SMB,9,10794,2319
2024-06-02,Middle East,Electronics,"Vertex Monitor 27"",SMB,1,261,55
2024-06-02,Asia Pacific,Accessories,"Laptop Sleeve",Enterprise,9,481,229
2024-06-02,North America,Electronics,"Vertex Monitor 27"",Enterprise,5,2762,894
2024-06-03,North America,Office Supplies,"Stapler Deluxe",Consumer,6,184,53
2024-06-03,Asia Pacific,Office Supplies,"Stapler Deluxe",Consumer,2,59,20
2024-06-04,Europe,Software,"Design Studio License",Government,3,3000,2170
2024-06-05,Europe,Office Supplies,"Ink Cartridge Pack",Government,5,425,136
2024-06-05,North America,Office Supplies,"Label Printer",Government,9,2523,1110
2024-06-05,Asia Pacific,Electronics,"Echo Wireless Earbuds",Consumer,4,746,211
2024-06-06,Europe,Software,"Security Shield Pro",Consumer,5,3800,2206
2024-06-06,Europe,Furniture,"Modular Bookshelf",Enterprise,1,292,41
2024-06-06,Asia Pacific,Furniture,"Ergo Office Chair",Enterprise,4,1799,267
2024-06-06,Asia Pacific,Software,"Security Shield Pro",SMB,11,8820,5583
2024-06-07,Latin America,Software,"Design Studio License",Government,3,1943,1073
2024-06-08,Europe,Software,"Analytics Suite License",SMB,2,2796,1824
2024-06-08,Middle East,Office Supplies,"Ink Cartridge Pack",Enterprise,3,174,77
2024-06-08,Asia Pacific,Office Supplies,"Ink Cartridge Pack",Enterprise,1,83,21
2024-06-08,Middle East,Accessories,"Mechanical Keyboard",SMB,6,583,256
2024-06-08,Europe,Electronics,"Echo Wireless Earbuds",Enterprise,7,1243,283
2024-06-09,North America,Software,"Design Studio License",SMB,8,9262,6935
2024-06-09,Asia Pacific,Software,"Analytics Suite License",Government,10,18010,13774
2024-06-09,Latin America,Electronics,"Nimbus Tablet",Government,7,2595,664
2024-06-10,North America,Software,"Security Shield Pro",Government,5,5136,3492
2024-06-10,Asia Pacific,Accessories,"USB-C Hub",Enterprise,3,204,98
2024-06-11,Latin America,Electronics,"Echo Wireless Earbuds",Government,3,395,71
2024-06-11,Europe,Accessories,"Wireless Mouse",SMB,5,294,111
2024-06-12,Middle East,Accessories,"Laptop Sleeve",Government,4,102,38
2024-06-12,North America,Office Supplies,"Label Printer",SMB,7,1944,640
2024-06-13,Middle East,Electronics,"Aurora Laptop 14"",Enterprise,4,3628,736
2024-06-13,Europe,Software,"Design Studio License",SMB,11,9543,5513
2024-06-13,Middle East,Accessories,"Mechanical Keyboard",Government,2,180,82
2024-06-14,Asia Pacific,Office Supplies,"Premium Notebook Set",Consumer,2,72,27
2024-06-14,North America,Accessories,"Mechanical Keyboard",Government,11,2041,837
2024-06-16,Europe,Accessories,"Wireless Mouse",Consumer,9,388,140
2024-06-16,Middle East,Electronics,"Echo Wireless Earbuds",SMB,1,112,32
2024-06-19,Asia Pacific,Electronics,"Vertex Monitor 27"",SMB,1,542,128
2024-06-19,Europe,Office Supplies,"Label Printer",Enterprise,2,554,246
2024-06-20,Middle East,Software,"Analytics Suite License",Enterprise,5,5052,3815
2024-06-21,Middle East,Furniture,"Conference Table XL",Government,4,3076,563
2024-06-21,North America,Accessories,"Mechanical Keyboard",Consumer,9,1394,595
2024-06-21,Asia Pacific,Electronics,"Echo Wireless Earbuds",Enterprise,2,397,104
2024-06-21,Asia Pacific,Accessories,"Mechanical Keyboard",Government,7,887,312
2024-06-22,Asia Pacific,Office Supplies,"Premium Notebook Set",Government,9,335,127
2024-06-22,Latin America,Furniture,"Ergo Office Chair",SMB,7,2035,295
2024-06-22,Middle East,Furniture,"Conference Table XL",SMB,4,3441,734
2024-06-23,North America,Software,"Analytics Suite License",Enterprise,13,23265,14524
2024-06-24,Asia Pacific,Software,"Design Studio License",Consumer,6,6200,3628
2024-06-24,Latin America,Electronics,"Vertex Monitor 27"",SMB,1,339,79
2024-06-24,Europe,Software,"Security Shield Pro",Enterprise,7,6012,3438
2024-06-24,Latin America,Furniture,"Ergo Office Chair",Consumer,3,826,123
2024-06-24,North America,Furniture,"Conference Table XL",Enterprise,12,16375,1295
2024-06-26,Latin America,Software,"Security Shield Pro",Government,4,2204,1625
2024-06-26,Latin America,Software,"Cloud Backup Plan",Enterprise,4,846,587
2024-06-26,North America,Electronics,"Pulse Smartphone",SMB,13,14616,3124
2024-06-27,Latin America,Furniture,"Ergo Office Chair",Consumer,5,1205,125
2024-06-28,Latin America,Furniture,"Modular Bookshelf",Enterprise,6,1235,262
2024-07-01,Middle East,Furniture,"Ergo Office Chair",Government,6,1569,293
2024-07-01,Asia Pacific,Electronics,"Echo Wireless Earbuds",Government,1,195,54
2024-07-02,Asia Pacific,Accessories,"USB-C Hub",SMB,5,412,133
2024-07-02,Latin America,Furniture,"Conference Table XL",Government,5,4737,763
2024-07-03,Asia Pacific,Furniture,"Ergo Office Chair",Enterprise,9,4268,511
2024-07-04,Latin America,Electronics,"Aurora Laptop 14"",Government,3,2870,931
2024-07-04,Latin America,Office Supplies,"Stapler Deluxe",Government,1,19,5
2024-07-04,Europe,Furniture,"Conference Table XL",Consumer,5,6038,618
2024-07-05,Middle East,Office Supplies,"Label Printer",SMB,4,547,201
2024-07-05,Middle East,Furniture,"Standing Desk Pro",Government,3,1292,186
2024-07-06,Asia Pacific,Furniture,"Standing Desk Pro",Enterprise,1,810,157
2024-07-07,Europe,Office Supplies,"Premium Notebook Set",Consumer,4,156,63
2024-07-08,Asia Pacific,Furniture,"Conference Table XL",SMB,7,8851,946
2024-07-08,Europe,Software,"Cloud Backup Plan",Enterprise,1,322,226
2024-07-08,Asia Pacific,Accessories,"USB-C Hub",Consumer,10,627,156
2024-07-09,Asia Pacific,Accessories,"Mechanical Keyboard",Consumer,8,1372,606
2024-07-09,Europe,Furniture,"Ergo Office Chair",SMB,10,4119,863
2024-07-09,Europe,Software,"Analytics Suite License",SMB,1,1462,1043
2024-07-12,North America,Accessories,"Mechanical Keyboard",Consumer,12,1911,727
2024-07-12,Middle East,Software,"Design Studio License",Consumer,1,618,365
2024-07-12,Europe,Electronics,"Vertex Monitor 27"",Enterprise,1,487,124
2024-07-12,Asia Pacific,Furniture,"Conference Table XL",Enterprise,7,9645,1026
2024-07-13,Middle East,Electronics,"Echo Wireless Earbuds",Consumer,1,106,34
2024-07-13,Asia Pacific,Electronics,"Vertex Monitor 27"",Government,10,4490,1076
2024-07-13,Middle East,Electronics,"Vertex Monitor 27"",SMB,7,1826,500
2024-07-14,Middle East,Office Supplies,"Premium Notebook Set",Enterprise,2,41,14
2024-07-14,Europe,Accessories,"Laptop Sleeve",Enterprise,11,504,215
2024-07-14,Europe,Software,"Cloud Backup Plan",SMB,6,1672,999
2024-07-14,North America,Furniture,"Modular Bookshelf",SMB,3,1064,200
2024-07-14,Europe,Electronics,"Nimbus Tablet",SMB,4,2878,556
2024-07-15,North America,Furniture,"Ergo Office Chair",Consumer,5,2121,268
2024-07-15,Middle East,Office Supplies,"Premium Notebook Set",SMB,6,121,45
2024-07-16,Asia Pacific,Accessories,"Laptop Sleeve",Consumer,4,180,82
2024-07-16,Middle East,Electronics,"Echo Wireless Earbuds",Enterprise,5,544,140
2024-07-16,North America,Office Supplies,"Label Printer",SMB,5,1435,398
2024-07-17,Asia Pacific,Furniture,"Conference Table XL",Consumer,10,13992,2835
2024-07-17,Europe,Office Supplies,"Stapler Deluxe",Consumer,9,247,88
2024-07-19,Asia Pacific,Office Supplies,"Ink Cartridge Pack",Consumer,9,774,203
2024-07-19,North America,Software,"Design Studio License",Consumer,7,7704,5418
2024-07-19,Latin America,Electronics,"Nimbus Tablet",SMB,4,2069,662
2024-07-20,Europe,Accessories,"Wireless Mouse",Government,10,523,146
2024-07-21,Europe,Accessories,"Wireless Mouse",Consumer,10,535,210
2024-07-23,Middle East,Electronics,"Echo Wireless Earbuds",Government,2,205,67
2024-07-24,Europe,Software,"Design Studio License",Consumer,7,5969,3357
2024-07-24,Asia Pacific,Furniture,"Ergo Office Chair",Enterprise,2,942,133
2024-07-24,Latin America,Office Supplies,"Label Printer",SMB,6,968,352
2024-07-25,North America,Software,"Security Shield Pro",SMB,10,8843,5366
2024-07-26,Latin America,Office Supplies,"Ink Cartridge Pack",Consumer,4,217,61
2024-07-27,Asia Pacific,Electronics,"Vertex Monitor 27"",Enterprise,3,1489,319
2024-07-28,Asia Pacific,Office Supplies,"Ink Cartridge Pack",Government,3,240,98
2024-07-28,Latin America,Electronics,"Nimbus Tablet",Consumer,5,2485,599
2024-07-28,Middle East,Office Supplies,"Stapler Deluxe",Consumer,3,47,15
2024-07-28,Latin America,Accessories,"USB-C Hub",Enterprise,7,318,126
2024-08-01,North America,Accessories,"Laptop Sleeve",Enterprise,6,284,140
2024-08-01,North America,Software,"Security Shield Pro",Government,12,10423,6052
2024-08-01,Europe,Office Supplies,"Label Printer",Government,6,1314,371
2024-08-01,Europe,Software,"Analytics Suite License",SMB,4,6067,3809
2024-08-02,Asia Pacific,Electronics,"Vertex Monitor 27"",Government,4,1807,471
2024-08-02,North America,Accessories,"Mechanical Keyboard",SMB,2,337,166
2024-08-03,North America,Office Supplies,"Premium Notebook Set",Government,11,403,141
2024-08-04,Asia Pacific,Furniture,"Modular Bookshelf",Consumer,11,2950,572
2024-08-04,Europe,Accessories,"Mechanical Keyboard",Consumer,6,987,352
2024-08-04,Middle East,Accessories,"Laptop Sleeve",SMB,4,84,24
2024-08-05,Latin America,Furniture,"Conference Table XL",Enterprise,7,5101,323
2024-08-06,Europe,Electronics,"Vertex Monitor 27"",Enterprise,11,5400,1595
2024-08-06,Europe,Electronics,"Pulse Smartphone",Enterprise,6,5132,649
2024-08-08,Asia Pacific,Furniture,"Conference Table XL",Government,6,7392,1550
2024-08-09,Middle East,Furniture,"Standing Desk Pro",SMB,4,1564,330
2024-08-09,Europe,Electronics,"Aurora Laptop 14"",Government,11,15321,3603
2024-08-09,Middle East,Furniture,"Standing Desk Pro",Enterprise,6,2783,407
2024-08-10,Asia Pacific,Software,"Cloud Backup Plan",Government,2,626,358
2024-08-10,North America,Furniture,"Ergo Office Chair",Consumer,8,3591,496
2024-08-10,Asia Pacific,Software,"Analytics Suite License",Consumer,7,8610,5226
2024-08-12,Latin America,Office Supplies,"Label Printer",Consumer,4,698,311
2024-08-13,Latin America,Accessories,"Mechanical Keyboard",Consumer,5,437,172
2024-08-13,Latin America,Furniture,"Standing Desk Pro",Enterprise,3,1442,248
2024-08-14,Middle East,Furniture,"Standing Desk Pro",Enterprise,6,2267,398
2024-08-14,North America,Furniture,"Ergo Office Chair",Enterprise,7,3020,315
2024-08-14,Latin America,Electronics,"Vertex Monitor 27"",Enterprise,6,1992,435
2024-08-14,Europe,Accessories,"Laptop Sleeve",SMB,8,309,126
2024-08-14,Europe,Furniture,"Ergo Office Chair",Consumer,8,3521,537
2024-08-15,North America,Software,"Analytics Suite License",Government,11,17797,13136
2024-08-15,Middle East,Electronics,"Echo Wireless Earbuds",Enterprise,4,419,103
2024-08-15,North America,Accessories,"Laptop Sleeve",SMB,2,110,48
2024-08-15,Middle East,Furniture,"Standing Desk Pro",Enterprise,1,418,86
2024-08-16,Europe,Electronics,"Vertex Monitor 27"",Consumer,3,1091,208
2024-08-17,Middle East,Furniture,"Ergo Office Chair",Consumer,1,246,32
2024-08-17,Latin America,Software,"Security Shield Pro",SMB,4,2254,1279
2024-08-18,Middle East,Accessories,"Mechanical Keyboard",SMB,2,179,77
2024-08-18,North America,Accessories,"Mechanical Keyboard",SMB,9,1632,777
2024-08-19,North America,Electronics,"Echo Wireless Earbuds",Consumer,1,205,39
2024-08-20,North America,Accessories,"Laptop Sleeve",Government,4,211,97
2024-08-20,Europe,Electronics,"Echo Wireless Earbuds",Government,6,973,254
2024-08-20,North America,Office Supplies,"Stapler Deluxe",Enterprise,11,335,120
2024-08-20,North America,Office Supplies,"Stapler Deluxe",Government,10,350,115
2024-08-21,Latin America,Electronics,"Pulse Smartphone",Government,4,3020,597
2024-08-22,Middle East,Furniture,"Conference Table XL",Enterprise,1,727,90
2024-08-22,Latin America,Furniture,"Modular Bookshelf",Government,2,320,20
2024-08-23,Middle East,Furniture,"Conference Table XL",Government,7,4735,696
2024-08-24,Europe,Accessories,"Mechanical Keyboard",Government,2,279,102
2024-08-25,Europe,Electronics,"Nimbus Tablet",Consumer,3,2143,609
2024-08-25,Middle East,Office Supplies,"Ink Cartridge Pack",Government,5,251,80
2024-08-26,Latin America,Accessories,"Laptop Sleeve",Consumer,7,215,69
2024-08-27,Middle East,Office Supplies,"Stapler Deluxe",Consumer,4,66,15
2024-08-28,North America,Software,"Analytics Suite License",SMB,4,6569,4894
2024-09-01,Latin America,Accessories,"USB-C Hub",Consumer,4,170,57
2024-09-02,North America,Software,"Security Shield Pro",Government,1,765,450
2024-09-04,Europe,Furniture,"Modular Bookshelf",Consumer,1,246,27
2024-09-04,Asia Pacific,Office Supplies,"Ink Cartridge Pack",Government,2,138,27
2024-09-05,Middle East,Office Supplies,"Label Printer",Government,1,122,40
2024-09-05,Middle East,Office Supplies,"Ink Cartridge Pack",Enterprise,6,230,89
2024-09-05,Latin America,Furniture,"Standing Desk Pro",Enterprise,8,3835,677
2024-09-06,Latin America,Office Supplies,"Premium Notebook Set",Consumer,6,145,52
2024-09-06,Latin America,Furniture,"Modular Bookshelf",Consumer,7,1078,234
2024-09-09,Asia Pacific,Electronics,"Aurora Laptop 14"",Government,7,9048,2017
2024-09-10,Middle East,Electronics,"Pulse Smartphone",Government,6,3722,1058
2024-09-10,North America,Furniture,"Standing Desk Pro",Enterprise,1,834,162
2024-09-11,Asia Pacific,Office Supplies,"Stapler Deluxe",Enterprise,4,96,33
2024-09-11,Asia Pacific,Software,"Security Shield Pro",SMB,2,1598,987
2024-09-12,Asia Pacific,Software,"Design Studio License",Consumer,8,5992,3327
2024-09-12,Latin America,Furniture,"Modular Bookshelf",SMB,6,1060,204
2024-09-12,Europe,Office Supplies,"Stapler Deluxe",SMB,1,24,6
2024-09-13,North America,Electronics,"Nimbus Tablet",Enterprise,8,5271,1763
2024-09-13,Middle East,Furniture,"Ergo Office Chair",SMB,4,976,127
2024-09-13,Latin America,Accessories,"USB-C Hub",SMB,6,256,80
2024-09-14,Latin America,Accessories,"USB-C Hub",Enterprise,8,349,104
2024-09-14,Europe,Furniture,"Ergo Office Chair",SMB,3,1117,120
2024-09-15,Europe,Electronics,"Vertex Monitor 27"",Government,9,4053,1357
2024-09-15,Latin America,Office Supplies,"Premium Notebook Set",SMB,1,23,10
2024-09-16,Europe,Software,"Analytics Suite License",SMB,10,11385,6636
2024-09-17,Asia Pacific,Electronics,"Echo Wireless Earbuds",Consumer,4,614,203
2024-09-17,North America,Accessories,"Laptop Sleeve",SMB,4,172,74
2024-09-18,Asia Pacific,Software,"Cloud Backup Plan",SMB,9,2842,2155
2024-09-19,Europe,Electronics,"Echo Wireless Earbuds",Enterprise,9,1348,348
2024-09-20,Latin America,Electronics,"Nimbus Tablet",Enterprise,7,3280,1086
2024-09-20,Middle East,Office Supplies,"Stapler Deluxe",SMB,4,59,25
2024-09-22,Asia Pacific,Office Supplies,"Premium Notebook Set",Enterprise,10,349,133
2024-09-23,Middle East,Furniture,"Standing Desk Pro",Government,1,336,22
2024-09-24,Asia Pacific,Electronics,"Echo Wireless Earbuds",Enterprise,8,1359,272
2024-09-24,Europe,Office Supplies,"Premium Notebook Set",Government,4,126,44
2024-09-24,Europe,Office Supplies,"Ink Cartridge Pack",SMB,10,719,200
2024-09-25,Middle East,Furniture,"Modular Bookshelf",Consumer,1,130,14
2024-09-25,Middle East,Software,"Analytics Suite License",Enterprise,3,2496,1558
2024-09-26,North America,Furniture,"Modular Bookshelf",Enterprise,10,2649,431
2024-09-27,Europe,Furniture,"Conference Table XL",SMB,1,971,144
2024-10-01,Latin America,Furniture,"Modular Bookshelf",Consumer,3,556,118
2024-10-01,North America,Accessories,"Wireless Mouse",Government,1,57,18
2024-10-02,Europe,Furniture,"Ergo Office Chair",Enterprise,11,3777,261
2024-10-03,Middle East,Furniture,"Modular Bookshelf",Government,7,1122,117
2024-10-03,Europe,Software,"Security Shield Pro",Enterprise,9,6525,4042
2024-10-04,Latin America,Accessories,"Wireless Mouse",Government,6,213,67
2024-10-05,Latin America,Accessories,"Mechanical Keyboard",SMB,1,106,47
2024-10-05,Latin America,Software,"Cloud Backup Plan",Consumer,3,522,282
2024-10-06,North America,Accessories,"Laptop Sleeve",Government,8,400,161
2024-10-07,Asia Pacific,Furniture,"Standing Desk Pro",Government,11,6467,650
2024-10-07,North America,Software,"Analytics Suite License",Enterprise,4,6190,4724
2024-10-09,North America,Electronics,"Pulse Smartphone",Consumer,5,6153,1164
2024-10-10,Asia Pacific,Software,"Cloud Backup Plan",Government,8,2531,1514
2024-10-10,Asia Pacific,Software,"Security Shield Pro",Consumer,1,799,450
2024-10-11,Europe,Office Supplies,"Label Printer",SMB,5,1204,313
2024-10-11,Asia Pacific,Office Supplies,"Premium Notebook Set",Consumer,1,31,11
2024-10-12,North America,Office Supplies,"Ink Cartridge Pack",Government,8,584,145
2024-10-12,Europe,Furniture,"Conference Table XL",Government,9,11569,1441
2024-10-13,Europe,Software,"Security Shield Pro",Enterprise,8,5284,3575
2024-10-13,North America,Software,"Security Shield Pro",Government,12,10647,7838
2024-10-14,Middle East,Software,"Security Shield Pro",SMB,1,452,285
2024-10-14,Asia Pacific,Furniture,"Modular Bookshelf",Government,2,541,82
2024-10-15,Europe,Furniture,"Conference Table XL",Enterprise,10,12162,1284
2024-10-16,Asia Pacific,Accessories,"USB-C Hub",Enterprise,10,664,238
2024-10-16,Middle East,Accessories,"Laptop Sleeve",Government,5,114,44
2024-10-19,Europe,Software,"Security Shield Pro",SMB,2,1586,1081
2024-10-19,Latin America,Furniture,"Conference Table XL",Government,4,3187,535
2024-10-20,Europe,Software,"Analytics Suite License",Enterprise,3,4322,2464
2024-10-21,Middle East,Software,"Security Shield Pro",Consumer,6,2567,1491
2024-10-21,Latin America,Software,"Cloud Backup Plan",Government,2,398,284
2024-10-21,North America,Software,"Cloud Backup Plan",Government,11,3628,2591
2024-10-22,Europe,Software,"Design Studio License",Enterprise,7,4642,2999
2024-10-22,Latin America,Electronics,"Echo Wireless Earbuds",Consumer,5,580,110
2024-10-22,Europe,Electronics,"Aurora Laptop 14"",Consumer,10,13029,3341
2024-10-22,Latin America,Accessories,"USB-C Hub",Government,8,348,123
2024-10-24,North America,Furniture,"Ergo Office Chair",Consumer,6,2204,289
2024-10-27,Middle East,Office Supplies,"Label Printer",Government,6,761,238
2024-10-27,North America,Accessories,"Mechanical Keyboard",Enterprise,11,1804,776
2024-10-27,Middle East,Accessories,"Mechanical Keyboard",Consumer,3,287,140
2024-10-27,Middle East,Accessories,"Wireless Mouse",Government,5,140,38
2024-10-28,Latin America,Furniture,"Standing Desk Pro",Government,6,2981,551
2024-10-28,Latin America,Software,"Design Studio License",Government,4,2578,1746
2024-10-28,North America,Furniture,"Standing Desk Pro",Government,12,10449,1339
2024-11-01,Asia Pacific,Accessories,"Mechanical Keyboard",Government,3,406,196
2024-11-02,Asia Pacific,Furniture,"Standing Desk Pro",Enterprise,7,4463,964
2024-11-03,North America,Software,"Cloud Backup Plan",Enterprise,9,3014,1697
2024-11-03,Asia Pacific,Office Supplies,"Label Printer",Enterprise,3,706,262
2024-11-04,Europe,Accessories,"Mechanical Keyboard",SMB,4,438,181
2024-11-05,Middle East,Electronics,"Nimbus Tablet",Consumer,2,765,193
2024-11-05,Latin America,Office Supplies,"Premium Notebook Set",Government,2,42,17
2024-11-07,Asia Pacific,Software,"Analytics Suite License",Government,9,12788,9081
2024-11-08,Middle East,Office Supplies,"Label Printer",SMB,5,529,163
2024-11-09,Latin America,Office Supplies,"Label Printer",Consumer,3,443,178
2024-11-11,Latin America,Furniture,"Standing Desk Pro",SMB,3,1352,270
2024-11-12,Middle East,Electronics,"Echo Wireless Earbuds",Government,5,436,115
2024-11-12,North America,Accessories,"USB-C Hub",Government,5,377,187
2024-11-14,Europe,Software,"Design Studio License",Consumer,7,6170,4272
2024-11-15,Latin America,Accessories,"USB-C Hub",Enterprise,7,277,119
2024-11-15,Middle East,Accessories,"USB-C Hub",Government,3,113,51
2024-11-17,Europe,Office Supplies,"Ink Cartridge Pack",Consumer,8,650,207
2024-11-18,Europe,Software,"Analytics Suite License",SMB,7,8566,5437
2024-11-19,North America,Electronics,"Echo Wireless Earbuds",SMB,7,1275,330
2024-11-20,Latin America,Office Supplies,"Ink Cartridge Pack",Government,5,242,96
2024-11-21,Latin America,Accessories,"Mechanical Keyboard",SMB,6,631,212
2024-11-22,Europe,Electronics,"Echo Wireless Earbuds",SMB,10,1574,311
2024-11-22,Europe,Electronics,"Nimbus Tablet",Consumer,6,3613,782
2024-11-24,North America,Office Supplies,"Premium Notebook Set",Consumer,11,389,161
2024-11-24,Asia Pacific,Furniture,"Conference Table XL",Enterprise,8,8290,884
2024-11-24,Europe,Office Supplies,"Stapler Deluxe",Consumer,4,102,45
2024-11-25,Europe,Office Supplies,"Premium Notebook Set",Government,3,98,42
2024-11-27,North America,Office Supplies,"Stapler Deluxe",SMB,8,213,62
2024-11-27,Middle East,Software,"Analytics Suite License",SMB,6,5482,3566
2024-12-03,Europe,Software,"Security Shield Pro",SMB,7,5033,3221
2024-12-04,Latin America,Furniture,"Conference Table XL",SMB,2,1575,182
2024-12-05,Latin America,Software,"Security Shield Pro",SMB,2,841,460
2024-12-07,Middle East,Office Supplies,"Label Printer",Consumer,3,405,126
2024-12-07,Latin America,Furniture,"Standing Desk Pro",Enterprise,3,1374,176
2024-12-08,Latin America,Office Supplies,"Label Printer",Government,1,146,62
2024-12-09,Middle East,Furniture,"Conference Table XL",Government,7,5022,1024
2024-12-10,Asia Pacific,Furniture,"Standing Desk Pro",Government,11,6144,991
2024-12-12,North America,Electronics,"Echo Wireless Earbuds",Enterprise,2,333,76
2024-12-12,North America,Software,"Cloud Backup Plan",Consumer,11,3537,2154
2024-12-13,Europe,Furniture,"Conference Table XL",Enterprise,10,9192,1374
2024-12-13,North America,Office Supplies,"Stapler Deluxe",Consumer,4,117,46
2024-12-14,North America,Electronics,"Echo Wireless Earbuds",Enterprise,13,2613,593
2024-12-15,Asia Pacific,Furniture,"Modular Bookshelf",SMB,9,2338,455
2024-12-15,Europe,Accessories,"USB-C Hub",SMB,2,110,46
2024-12-16,Asia Pacific,Electronics,"Echo Wireless Earbuds",SMB,10,1709,409
2024-12-19,Latin America,Furniture,"Ergo Office Chair",Enterprise,4,1065,170
2024-12-20,North America,Furniture,"Conference Table XL",Government,5,5902,598
2024-12-20,Asia Pacific,Software,"Security Shield Pro",Enterprise,7,4719,2993
2024-12-21,Europe,Electronics,"Echo Wireless Earbuds",SMB,6,804,209
2024-12-21,Asia Pacific,Accessories,"Laptop Sleeve",SMB,11,414,164
2024-12-22,Latin America,Accessories,"USB-C Hub",Enterprise,6,240,98
2024-12-22,Asia Pacific,Electronics,"Pulse Smartphone",Government,7,6430,1424
2024-12-24,Latin America,Accessories,"USB-C Hub",SMB,1,36,13
2024-12-24,Latin America,Office Supplies,"Premium Notebook Set",Government,8,190,76
2024-12-25,Middle East,Electronics,"Aurora Laptop 14"",Consumer,3,2063,483
2025-01-01,Latin America,Furniture,"Modular Bookshelf",Consumer,7,1082,136
2025-01-02,Middle East,Electronics,"Echo Wireless Earbuds",Consumer,4,377,79
2025-01-02,Asia Pacific,Accessories,"Wireless Mouse",Consumer,11,602,226
2025-01-03,Middle East,Office Supplies,"Premium Notebook Set",Government,2,41,13
2025-01-04,North America,Software,"Cloud Backup Plan",Enterprise,5,1795,1026
2025-01-04,Asia Pacific,Accessories,"Laptop Sleeve",SMB,8,360,118
2025-01-04,Middle East,Accessories,"USB-C Hub",SMB,7,291,120
2025-01-04,Middle East,Furniture,"Ergo Office Chair",SMB,6,1220,129
2025-01-07,North America,Software,"Security Shield Pro",Government,3,2299,1403
2025-01-07,Latin America,Furniture,"Modular Bookshelf",Enterprise,5,790,98
2025-01-09,Latin America,Software,"Cloud Backup Plan",Government,2,442,249
2025-01-09,Latin America,Accessories,"Mechanical Keyboard",Government,7,637,314
2025-01-09,Middle East,Office Supplies,"Stapler Deluxe",SMB,3,53,16
2025-01-10,Latin America,Software,"Analytics Suite License",Enterprise,3,2290,1225
2025-01-10,Europe,Office Supplies,"Ink Cartridge Pack",SMB,2,173,69
2025-01-11,Middle East,Furniture,"Modular Bookshelf",Consumer,4,588,75
2025-01-12,Asia Pacific,Electronics,"Pulse Smartphone",Enterprise,1,1042,256
2025-01-12,Latin America,Software,"Security Shield Pro",Government,1,498,339
2025-01-12,North America,Electronics,"Pulse Smartphone",Government,12,14503,4415
2025-01-13,Asia Pacific,Furniture,"Modular Bookshelf",Enterprise,2,534,66
2025-01-14,Middle East,Accessories,"Mechanical Keyboard",Consumer,4,284,108
2025-01-14,Asia Pacific,Furniture,"Standing Desk Pro",SMB,8,4477,775
2025-01-14,North America,Furniture,"Standing Desk Pro",SMB,6,4722,391
2025-01-15,Europe,Office Supplies,"Label Printer",Consumer,10,2344,694
2025-01-17,Middle East,Electronics,"Nimbus Tablet",Enterprise,4,1574,456
2025-01-18,Middle East,Furniture,"Ergo Office Chair",Consumer,3,585,52
2025-01-19,Middle East,Electronics,"Vertex Monitor 27"",Consumer,5,1247,325
2025-01-20,Asia Pacific,Office Supplies,"Ink Cartridge Pack",SMB,3,234,88
2025-01-20,North America,Furniture,"Ergo Office Chair",Government,11,5105,634
2025-01-22,North America,Furniture,"Standing Desk Pro",SMB,1,767,99
2025-01-23,Europe,Electronics,"Echo Wireless Earbuds",Enterprise,10,1727,523
2025-01-24,Latin America,Accessories,"Mechanical Keyboard",SMB,5,548,188
2025-01-25,Latin America,Electronics,"Pulse Smartphone",SMB,4,2517,842
2025-01-26,North America,Furniture,"Conference Table XL",Consumer,7,9357,1336
2025-01-26,Asia Pacific,Accessories,"USB-C Hub",Consumer,4,293,117
2025-01-28,Asia Pacific,Furniture,"Conference Table XL",Consumer,4,5444,637
2025-01-28,Middle East,Accessories,"Wireless Mouse",Enterprise,5,127,39
2025-02-01,Middle East,Accessories,"Mechanical Keyboard",Consumer,6,530,164
2025-02-01,Asia Pacific,Office Supplies,"Premium Notebook Set",Government,3,103,41
2025-02-01,North America,Accessories,"Mechanical Keyboard",Government,3,514,182
2025-02-03,Middle East,Furniture,"Modular Bookshelf",SMB,1,180,26
2025-02-05,Europe,Furniture,"Conference Table XL",Government,1,1358,285
2025-02-05,Middle East,Accessories,"USB-C Hub",Consumer,5,194,88
2025-02-08,Middle East,Furniture,"Modular Bookshelf",SMB,7,1159,233
2025-02-08,Latin America,Software,"Design Studio License",Consumer,2,1084,710
2025-02-09,Middle East,Office Supplies,"Premium Notebook Set",Consumer,2,48,13
2025-02-09,Asia Pacific,Furniture,"Standing Desk Pro",Enterprise,8,6092,1047
2025-02-10,Middle East,Electronics,"Nimbus Tablet",Consumer,5,1537,253
2025-02-10,Europe,Office Supplies,"Ink Cartridge Pack",Consumer,7,506,126
2025-02-12,Asia Pacific,Electronics,"Vertex Monitor 27"",SMB,4,1979,644
2025-02-12,North America,Electronics,"Pulse Smartphone",Government,12,13448,4418
2025-02-14,Latin America,Furniture,"Ergo Office Chair",Enterprise,3,713,89
2025-02-14,Middle East,Office Supplies,"Ink Cartridge Pack",Government,5,278,86
2025-02-15,Asia Pacific,Furniture,"Ergo Office Chair",Enterprise,6,2295,425
2025-02-16,Asia Pacific,Furniture,"Modular Bookshelf",Government,7,1990,199
2025-02-17,Asia Pacific,Accessories,"Wireless Mouse",SMB,11,688,235
2025-02-17,Latin America,Electronics,"Aurora Laptop 14"",SMB,6,5021,685
2025-02-17,Latin America,Office Supplies,"Label Printer",Government,1,129,29
2025-02-18,Middle East,Accessories,"Mechanical Keyboard",Consumer,6,525,250
2025-02-18,Asia Pacific,Electronics,"Echo Wireless Earbuds",SMB,8,1207,217
2025-02-19,Latin America,Electronics,"Aurora Laptop 14"",Government,1,1004,341
2025-02-20,Europe,Furniture,"Standing Desk Pro",Government,10,5767,388
2025-02-23,Europe,Electronics,"Aurora Laptop 14"",Enterprise,7,9023,2107
2025-02-23,Europe,Accessories,"USB-C Hub",Government,4,267,91
2025-02-23,North America,Accessories,"Wireless Mouse",SMB,6,447,159
2025-02-23,Europe,Electronics,"Aurora Laptop 14"",SMB,3,4699,857
2025-02-25,Asia Pacific,Electronics,"Echo Wireless Earbuds",Government,10,1771,334
2025-02-25,Europe,Electronics,"Aurora Laptop 14"",Government,8,13023,3499
2025-02-26,Middle East,Office Supplies,"Stapler Deluxe",Enterprise,5,79,27
2025-02-27,Middle East,Accessories,"Laptop Sleeve",Consumer,2,52,19
2025-03-01,Asia Pacific,Electronics,"Aurora Laptop 14"",SMB,9,15636,3577
2025-03-02,Europe,Furniture,"Standing Desk Pro",SMB,10,7578,688
2025-03-02,Asia Pacific,Software,"Design Studio License",Consumer,5,5495,3126
2025-03-02,Europe,Furniture,"Modular Bookshelf",Government,4,1022,131
2025-03-03,Asia Pacific,Office Supplies,"Label Printer",Enterprise,9,2673,1073
2025-03-03,Middle East,Accessories,"USB-C Hub",Government,6,266,102
2025-03-03,Latin America,Furniture,"Ergo Office Chair",Consumer,2,535,64
2025-03-04,Asia Pacific,Accessories,"Mechanical Keyboard",Government,2,316,120
2025-03-05,Europe,Office Supplies,"Premium Notebook Set",SMB,6,249,93
2025-03-05,Europe,Electronics,"Vertex Monitor 27"",Government,5,2272,536
2025-03-05,Europe,Office Supplies,"Premium Notebook Set",Enterprise,2,65,21
2025-03-05,Latin America,Software,"Cloud Backup Plan",Government,2,438,336
2025-03-08,Asia Pacific,Accessories,"Wireless Mouse",SMB,9,618,270
2025-03-09,Europe,Office Supplies,"Label Printer",Government,10,2887,1292
2025-03-11,Middle East,Accessories,"Wireless Mouse",Enterprise,4,139,52
2025-03-11,North America,Accessories,"Laptop Sleeve",SMB,9,549,174
2025-03-11,Latin America,Furniture,"Conference Table XL",Consumer,6,5549,1106
2025-03-11,North America,Furniture,"Standing Desk Pro",Government,7,5809,989
2025-03-11,Middle East,Office Supplies,"Premium Notebook Set",Government,3,72,23
2025-03-13,Latin America,Software,"Cloud Backup Plan",Consumer,2,427,286
2025-03-14,Latin America,Office Supplies,"Ink Cartridge Pack",Government,3,187,53
2025-03-14,Europe,Office Supplies,"Premium Notebook Set",SMB,10,334,103
2025-03-15,North America,Electronics,"Aurora Laptop 14"",Consumer,12,24437,6752
2025-03-15,Latin America,Accessories,"USB-C Hub",Consumer,5,247,99
2025-03-16,Middle East,Furniture,"Conference Table XL",Government,5,4482,657
2025-03-16,Latin America,Accessories,"Laptop Sleeve",Enterprise,2,65,25
2025-03-17,Europe,Accessories,"Laptop Sleeve",Consumer,7,343,156
2025-03-17,North America,Electronics,"Echo Wireless Earbuds",Government,2,485,112
2025-03-18,North America,Software,"Analytics Suite License",SMB,5,9540,5498
2025-03-18,Latin America,Electronics,"Vertex Monitor 27"",Government,4,1084,141
2025-03-19,Latin America,Software,"Design Studio License",Government,7,5317,3397
2025-03-19,Asia Pacific,Accessories,"USB-C Hub",Government,12,903,376
2025-03-19,Latin America,Software,"Cloud Backup Plan",Consumer,3,657,491
2025-03-19,Europe,Furniture,"Standing Desk Pro",Consumer,3,2455,483
2025-03-20,North America,Electronics,"Nimbus Tablet",Enterprise,6,4912,1446
2025-03-21,Latin America,Software,"Security Shield Pro",SMB,7,4638,3482
2025-03-21,Middle East,Office Supplies,"Premium Notebook Set",Enterprise,2,49,21
2025-03-21,Asia Pacific,Software,"Design Studio License",Consumer,3,3271,2499
2025-03-21,North America,Software,"Security Shield Pro",Consumer,10,8764,4243
2025-03-24,Asia Pacific,Furniture,"Modular Bookshelf",Consumer,8,2302,370
2025-03-25,Asia Pacific,Software,"Analytics Suite License",SMB,3,5681,3289
2025-03-25,Europe,Accessories,"Wireless Mouse",Enterprise,3,174,71
2025-03-26,Asia Pacific,Software,"Analytics Suite License",Consumer,11,19812,12255
2025-03-26,Europe,Furniture,"Standing Desk Pro",Government,3,2050,183
2025-03-27,Europe,Accessories,"Laptop Sleeve",Government,4,171,59
2025-03-28,Europe,Electronics,"Pulse Smartphone",Government,10,12254,3063
2025-03-28,Asia Pacific,Software,"Design Studio License",Government,11,10938,6034
2025-04-01,Europe,Furniture,"Modular Bookshelf",SMB,2,606,68
2025-04-02,Europe,Office Supplies,"Label Printer",Government,11,3112,1051
2025-04-02,North America,Electronics,"Echo Wireless Earbuds",Consumer,1,253,68
2025-04-03,Latin America,Office Supplies,"Label Printer",SMB,7,1215,395
2025-04-03,Europe,Electronics,"Pulse Smartphone",SMB,10,10025,2750
2025-04-03,Europe,Electronics,"Pulse Smartphone",Enterprise,11,13151,3862
2025-04-03,North America,Electronics,"Aurora Laptop 14"",SMB,8,16685,5344
2025-04-04,North America,Electronics,"Pulse Smartphone",Government,10,13896,3640
2025-04-05,Europe,Accessories,"Mechanical Keyboard",Enterprise,8,1290,368
2025-04-05,Europe,Electronics,"Aurora Laptop 14"",SMB,11,16072,2786
2025-04-05,Middle East,Accessories,"Wireless Mouse",Enterprise,5,169,44
2025-04-06,North America,Office Supplies,"Ink Cartridge Pack",Enterprise,7,727,203
2025-04-06,Latin America,Furniture,"Conference Table XL",Enterprise,4,3160,160
2025-04-06,Asia Pacific,Electronics,"Pulse Smartphone",Enterprise,10,12423,2322
2025-04-06,Latin America,Accessories,"USB-C Hub",Government,3,179,67
2025-04-07,North America,Electronics,"Aurora Laptop 14"",SMB,5,10221,3433
2025-04-08,North America,Accessories,"Wireless Mouse",Enterprise,7,512,211
2025-04-09,Asia Pacific,Accessories,"Laptop Sleeve",Enterprise,2,116,56
2025-04-10,Asia Pacific,Software,"Analytics Suite License",Government,5,8281,4855
2025-04-11,Asia Pacific,Electronics,"Vertex Monitor 27"",SMB,7,3879,935
2025-04-12,Europe,Furniture,"Ergo Office Chair",Consumer,3,1277,209
2025-04-13,Middle East,Office Supplies,"Label Printer",SMB,7,1058,354
2025-04-13,North America,Accessories,"USB-C Hub",Consumer,6,482,181
2025-04-13,North America,Furniture,"Ergo Office Chair",SMB,13,7522,1293
2025-04-13,Latin America,Accessories,"USB-C Hub",Government,7,356,110
2025-04-14,Europe,Office Supplies,"Stapler Deluxe",Government,6,203,89
2025-04-15,Asia Pacific,Office Supplies,"Label Printer",Government,2,635,209
2025-04-15,Asia Pacific,Accessories,"Mechanical Keyboard",Enterprise,1,167,56
2025-04-15,Middle East,Office Supplies,"Ink Cartridge Pack",SMB,3,172,76
2025-04-15,Middle East,Accessories,"Laptop Sleeve",Enterprise,3,103,37
2025-04-15,Asia Pacific,Software,"Security Shield Pro",Consumer,3,3032,2121
2025-04-16,Latin America,Furniture,"Conference Table XL",Consumer,6,6054,771
2025-04-17,Middle East,Electronics,"Aurora Laptop 14"",SMB,3,2898,980
2025-04-18,Europe,Software,"Security Shield Pro",Consumer,7,6579,4412
2025-04-19,Asia Pacific,Office Supplies,"Premium Notebook Set",Consumer,11,457,135
2025-04-20,Europe,Furniture,"Conference Table XL",SMB,7,9373,1201
2025-04-20,Europe,Office Supplies,"Stapler Deluxe",Enterprise,4,131,55
2025-04-20,Asia Pacific,Furniture,"Standing Desk Pro",Consumer,6,4737,629
2025-04-20,Middle East,Furniture,"Modular Bookshelf",SMB,3,448,13
2025-04-20,Asia Pacific,Software,"Analytics Suite License",SMB,2,3438,2503
2025-04-20,Asia Pacific,Accessories,"Wireless Mouse",Government,3,211,87
2025-04-20,Middle East,Software,"Cloud Backup Plan",Government,5,1135,629
2025-04-23,Asia Pacific,Software,"Design Studio License",Consumer,9,9804,6634
2025-04-23,Middle East,Furniture,"Modular Bookshelf",SMB,4,796,96
2025-04-24,Middle East,Accessories,"Wireless Mouse",SMB,5,211,68
2025-04-24,Latin America,Electronics,"Echo Wireless Earbuds",SMB,7,917,224
2025-04-24,Latin America,Furniture,"Standing Desk Pro",SMB,5,3162,545
2025-04-25,Middle East,Accessories,"Mechanical Keyboard",Consumer,1,85,33
2025-04-26,Europe,Furniture,"Conference Table XL",Enterprise,5,7357,871
2025-04-26,Middle East,Furniture,"Ergo Office Chair",Consumer,5,1571,202
2025-04-26,Asia Pacific,Accessories,"Mechanical Keyboard",Consumer,4,729,319
2025-04-27,Europe,Accessories,"Mechanical Keyboard",Government,3,464,185
2025-04-27,Latin America,Furniture,"Ergo Office Chair",Government,5,1539,324
2025-04-28,Latin America,Electronics,"Pulse Smartphone",Government,3,2314,614
2025-05-01,North America,Accessories,"USB-C Hub",Enterprise,9,906,375
2025-05-01,Europe,Furniture,"Ergo Office Chair",SMB,3,1464,259
2025-05-01,Europe,Office Supplies,"Stapler Deluxe",Consumer,8,277,111
2025-05-02,Middle East,Software,"Cloud Backup Plan",Consumer,3,673,484
2025-05-02,Asia Pacific,Software,"Cloud Backup Plan",Government,8,3059,2319
2025-05-03,Europe,Furniture,"Conference Table XL",Government,1,1622,323
2025-05-05,North America,Software,"Security Shield Pro",Enterprise,13,15937,9232
2025-05-05,Middle East,Software,"Analytics Suite License",Enterprise,5,5359,3216
2025-05-05,Asia Pacific,Accessories,"Mechanical Keyboard",Enterprise,10,1775,641
2025-05-05,Europe,Electronics,"Nimbus Tablet",Government,2,1546,311
2025-05-06,Middle East,Electronics,"Pulse Smartphone",Government,1,814,232
2025-05-06,Middle East,Accessories,"Wireless Mouse",Enterprise,3,130,49
2025-05-10,Middle East,Electronics,"Pulse Smartphone",Government,7,5311,1562
2025-05-10,Middle East,Software,"Cloud Backup Plan",Consumer,3,652,421
2025-05-10,Middle East,Accessories,"Wireless Mouse",Government,7,286,124
2025-05-12,Asia Pacific,Software,"Cloud Backup Plan",Consumer,10,3501,2578
2025-05-14,Europe,Furniture,"Standing Desk Pro",Enterprise,3,2715,353
2025-05-14,Asia Pacific,Accessories,"Mechanical Keyboard",Government,9,1830,667
2025-05-15,Latin America,Software,"Cloud Backup Plan",Government,2,500,384
2025-05-15,Latin America,Electronics,"Pulse Smartphone",SMB,1,788,161
2025-05-15,Asia Pacific,Electronics,"Nimbus Tablet",Consumer,2,1559,313
2025-05-16,Europe,Furniture,"Conference Table XL",Government,2,3206,342
2025-05-16,Middle East,Office Supplies,"Stapler Deluxe",Enterprise,1,16,6
2025-05-16,Middle East,Electronics,"Pulse Smartphone",Consumer,4,2978,793
2025-05-16,Latin America,Accessories,"USB-C Hub",Enterprise,4,232,85
2025-05-17,Europe,Software,"Cloud Backup Plan",SMB,6,2037,1586
2025-05-18,Asia Pacific,Accessories,"Laptop Sleeve",Government,5,282,97
2025-05-19,Asia Pacific,Software,"Design Studio License",Government,10,10772,7372
2025-05-19,Europe,Electronics,"Pulse Smartphone",SMB,8,9723,2305
2025-05-19,Asia Pacific,Software,"Design Studio License",Enterprise,7,6429,3264
2025-05-19,Middle East,Office Supplies,"Premium Notebook Set",Government,4,100,33
2025-05-20,Asia Pacific,Accessories,"Wireless Mouse",Consumer,10,678,299
2025-05-21,Latin America,Accessories,"Laptop Sleeve",Government,5,201,76
2025-05-22,Latin America,Furniture,"Ergo Office Chair",Government,1,327,38
2025-05-22,North America,Accessories,"USB-C Hub",Government,8,834,416
2025-05-22,Latin America,Furniture,"Ergo Office Chair",Government,1,366,50
2025-05-22,Middle East,Office Supplies,"Stapler Deluxe",Government,4,85,35
2025-05-23,North America,Electronics,"Echo Wireless Earbuds",Enterprise,6,1355,266
2025-05-23,Europe,Furniture,"Conference Table XL",Consumer,2,3263,463
2025-05-25,Middle East,Furniture,"Conference Table XL",SMB,5,4090,627
2025-05-25,North America,Furniture,"Modular Bookshelf",Enterprise,7,2937,475
2025-05-25,Middle East,Software,"Cloud Backup Plan",Consumer,3,740,452
2025-05-25,Middle East,Furniture,"Conference Table XL",SMB,4,3285,398
2025-05-26,Latin America,Accessories,"Wireless Mouse",SMB,7,337,160
2025-05-26,Europe,Software,"Security Shield Pro",SMB,9,7863,3846
2025-05-26,Latin America,Office Supplies,"Stapler Deluxe",Consumer,5,128,56
2025-05-26,North America,Office Supplies,"Label Printer",Government,13,3748,1014
2025-05-27,Latin America,Office Supplies,"Label Printer",SMB,6,1312,573
2025-05-28,Middle East,Office Supplies,"Premium Notebook Set",Government,5,121,41
2025-05-28,Middle East,Furniture,"Conference Table XL",Government,5,4385,855
2025-06-01,Europe,Office Supplies,"Stapler Deluxe",Government,6,159,51
2025-06-01,Middle East,Furniture,"Modular Bookshelf",Enterprise,4,809,166
2025-06-02,Asia Pacific,Electronics,"Aurora Laptop 14"",Enterprise,12,21439,6608
2025-06-02,North America,Software,"Cloud Backup Plan",Consumer,3,1137,689
2025-06-02,North America,Office Supplies,"Ink Cartridge Pack",SMB,3,349,137
2025-06-02,Middle East,Office Supplies,"Premium Notebook Set",Consumer,4,110,30
2025-06-02,North America,Accessories,"USB-C Hub",Government,1,111,43
2025-06-03,North America,Electronics,"Aurora Laptop 14"",Enterprise,6,11704,2342
2025-06-03,Latin America,Electronics,"Vertex Monitor 27"",Government,7,2954,780
2025-06-04,Europe,Furniture,"Conference Table XL",SMB,4,5623,1017
2025-06-04,North America,Software,"Security Shield Pro",Enterprise,6,6248,3230
2025-06-06,North America,Electronics,"Nimbus Tablet",SMB,7,7682,2261
2025-06-07,Europe,Accessories,"USB-C Hub",Consumer,8,760,349
2025-06-08,Asia Pacific,Electronics,"Pulse Smartphone",Enterprise,6,7633,1813
2025-06-08,Middle East,Electronics,"Aurora Laptop 14"",SMB,7,8251,2274
2025-06-11,Asia Pacific,Software,"Analytics Suite License",SMB,11,19607,11461
2025-06-11,Asia Pacific,Software,"Analytics Suite License",Consumer,6,11925,9156
2025-06-12,Latin America,Accessories,"Laptop Sleeve",Consumer,7,244,120
2025-06-12,North America,Office Supplies,"Stapler Deluxe",Enterprise,12,376,125
2025-06-12,Middle East,Office Supplies,"Premium Notebook Set",Enterprise,3,81,21
2025-06-12,Asia Pacific,Software,"Design Studio License",SMB,6,6276,3519
2025-06-13,Middle East,Furniture,"Standing Desk Pro",SMB,4,2207,466
2025-06-14,Europe,Accessories,"Mechanical Keyboard",Consumer,9,1544,446
2025-06-15,Europe,Office Supplies,"Label Printer",Government,3,933,397
2025-06-15,Asia Pacific,Furniture,"Ergo Office Chair",Consumer,1,557,92
2025-06-15,Asia Pacific,Furniture,"Ergo Office Chair",Government,8,4314,876
2025-06-16,Europe,Office Supplies,"Stapler Deluxe",Consumer,10,359,126
2025-06-17,Europe,Furniture,"Conference Table XL",Enterprise,2,2892,410
2025-06-18,Europe,Software,"Design Studio License",SMB,9,9136,5662
2025-06-18,Asia Pacific,Accessories,"Mechanical Keyboard",Enterprise,10,1918,720
2025-06-19,North America,Accessories,"Wireless Mouse",SMB,5,367,152
2025-06-19,Latin America,Furniture,"Standing Desk Pro",Enterprise,7,4695,553
2025-06-19,Europe,Office Supplies,"Label Printer",SMB,7,2003,779
2025-06-19,Middle East,Office Supplies,"Label Printer",SMB,3,412,152
2025-06-19,Middle East,Software,"Cloud Backup Plan",Consumer,7,1495,1097
2025-06-19,Middle East,Office Supplies,"Ink Cartridge Pack",Enterprise,2,113,49
2025-06-20,Latin America,Office Supplies,"Ink Cartridge Pack",Enterprise,6,317,87
2025-06-20,Asia Pacific,Accessories,"USB-C Hub",Government,4,368,122
2025-06-22,Asia Pacific,Accessories,"USB-C Hub",SMB,11,1086,458
2025-06-22,Asia Pacific,Accessories,"Mechanical Keyboard",Enterprise,8,1624,777
2025-06-22,North America,Furniture,"Ergo Office Chair",SMB,2,1081,158
2025-06-22,Latin America,Furniture,"Ergo Office Chair",Government,1,383,48
2025-06-24,Asia Pacific,Furniture,"Ergo Office Chair",SMB,8,3471,299
2025-06-25,Latin America,Accessories,"USB-C Hub",Enterprise,6,315,139
2025-06-25,Europe,Accessories,"Laptop Sleeve",Consumer,2,99,36
2025-06-25,Europe,Furniture,"Ergo Office Chair",Enterprise,9,4583,710
2025-06-26,North America,Software,"Design Studio License",Consumer,8,11019,6888
2025-06-26,Europe,Software,"Design Studio License",Consumer,3,3483,2444
2025-06-26,Latin America,Accessories,"Mechanical Keyboard",SMB,1,128,42
2025-06-26,North America,Office Supplies,"Premium Notebook Set",SMB,11,541,183
2025-06-27,North America,Software,"Design Studio License",SMB,5,6940,4514
2025-07-01,Latin America,Office Supplies,"Ink Cartridge Pack",Consumer,4,295,90
2025-07-01,North America,Office Supplies,"Stapler Deluxe",Enterprise,12,522,217
2025-07-01,Europe,Electronics,"Nimbus Tablet",SMB,4,3650,997
2025-07-02,North America,Accessories,"USB-C Hub",Enterprise,12,1116,412
2025-07-02,North America,Electronics,"Vertex Monitor 27"",Enterprise,12,6940,1483
2025-07-03,Latin America,Electronics,"Nimbus Tablet",Government,6,3481,1055
2025-07-03,North America,Furniture,"Conference Table XL",Government,12,21685,4351
2025-07-04,North America,Electronics,"Echo Wireless Earbuds",Enterprise,8,1746,531
2025-07-04,Latin America,Furniture,"Ergo Office Chair",Enterprise,3,1065,120
2025-07-04,Europe,Accessories,"Mechanical Keyboard",Government,10,1618,586
2025-07-04,Latin America,Electronics,"Vertex Monitor 27"",Government,5,1469,412
2025-07-05,North America,Accessories,"Laptop Sleeve",SMB,13,878,301
2025-07-05,North America,Software,"Security Shield Pro",Government,8,10160,5860
2025-07-05,North America,Electronics,"Echo Wireless Earbuds",Consumer,9,2251,649
2025-07-06,Latin America,Software,"Cloud Backup Plan",SMB,5,1288,846
2025-07-07,North America,Office Supplies,"Label Printer",SMB,7,1995,737
2025-07-07,North America,Office Supplies,"Ink Cartridge Pack",Government,3,378,153
2025-07-07,Middle East,Furniture,"Standing Desk Pro",Government,3,1622,212
2025-07-07,North America,Furniture,"Standing Desk Pro",Consumer,6,5439,807
2025-07-07,Asia Pacific,Accessories,"Mechanical Keyboard",Government,4,695,232
2025-07-08,Middle East,Accessories,"USB-C Hub",Government,4,181,45
2025-07-08,North America,Electronics,"Pulse Smartphone",Government,12,19388,4107
2025-07-09,Asia Pacific,Software,"Design Studio License",Government,2,1858,1270
2025-07-10,Europe,Office Supplies,"Premium Notebook Set",Enterprise,3,140,57
2025-07-12,Middle East,Accessories,"Wireless Mouse",SMB,2,79,22
2025-07-12,Europe,Accessories,"USB-C Hub",Enterprise,8,595,164
2025-07-12,North America,Electronics,"Vertex Monitor 27"",Consumer,1,505,121
2025-07-13,Latin America,Accessories,"USB-C Hub",SMB,2,113,42
2025-07-13,Europe,Software,"Analytics Suite License",Enterprise,9,17313,13034
2025-07-19,Europe,Accessories,"USB-C Hub",Consumer,5,468,209
2025-07-19,Middle East,Furniture,"Standing Desk Pro",Enterprise,5,2709,456
2025-07-19,Latin America,Office Supplies,"Ink Cartridge Pack",Enterprise,6,406,178
2025-07-20,Europe,Electronics,"Vertex Monitor 27"",Consumer,11,5223,1080
2025-07-21,Middle East,Office Supplies,"Label Printer",Consumer,5,843,214
2025-07-21,Middle East,Furniture,"Conference Table XL",SMB,4,3503,414
2025-07-22,Latin America,Office Supplies,"Label Printer",Consumer,4,872,331
2025-07-22,Latin America,Furniture,"Modular Bookshelf",Consumer,4,762,68
2025-07-22,Europe,Electronics,"Echo Wireless Earbuds",Government,1,201,39
2025-07-23,Middle East,Office Supplies,"Premium Notebook Set",Government,6,169,46
2025-07-23,North America,Software,"Security Shield Pro",SMB,2,2496,1642
2025-07-23,Asia Pacific,Furniture,"Standing Desk Pro",Consumer,2,1704,302
2025-07-23,Asia Pacific,Accessories,"Wireless Mouse",Consumer,6,453,158
2025-07-23,Europe,Electronics,"Pulse Smartphone",Consumer,10,13095,3571
2025-07-24,Middle East,Office Supplies,"Ink Cartridge Pack",Government,1,63,26
2025-07-24,Asia Pacific,Office Supplies,"Ink Cartridge Pack",Consumer,4,404,139
2025-07-25,Asia Pacific,Software,"Security Shield Pro",Enterprise,6,6122,4124
2025-07-25,Middle East,Electronics,"Vertex Monitor 27"",Government,2,632,127
2025-07-25,Asia Pacific,Accessories,"USB-C Hub",Government,4,376,115
2025-07-25,North America,Electronics,"Nimbus Tablet",Consumer,11,11531,2098
2025-07-25,Latin America,Electronics,"Aurora Laptop 14"",SMB,5,5234,897
2025-07-26,Europe,Software,"Design Studio License",Enterprise,1,913,641
2025-07-26,North America,Software,"Security Shield Pro",SMB,2,2119,1209
2025-07-28,Middle East,Furniture,"Conference Table XL",Enterprise,5,4134,603
2025-07-28,Middle East,Office Supplies,"Label Printer",Consumer,4,690,273
2025-08-02,Europe,Furniture,"Standing Desk Pro",Enterprise,8,6532,797
2025-08-02,Middle East,Software,"Analytics Suite License",Consumer,4,3524,2213
2025-08-02,North America,Software,"Cloud Backup Plan",SMB,2,745,389
2025-08-02,Europe,Software,"Design Studio License",Consumer,11,10670,7148
2025-08-02,Middle East,Office Supplies,"Stapler Deluxe",Government,3,58,21
2025-08-02,Middle East,Furniture,"Modular Bookshelf",Consumer,5,853,72
2025-08-03,Asia Pacific,Electronics,"Vertex Monitor 27"",SMB,3,1534,491
2025-08-04,Asia Pacific,Office Supplies,"Stapler Deluxe",Enterprise,8,234,41
2025-08-04,Europe,Software,"Analytics Suite License",Consumer,3,4898,2969
2025-08-04,North America,Office Supplies,"Label Printer",Government,8,2532,1022
2025-08-05,Asia Pacific,Electronics,"Nimbus Tablet",Enterprise,11,9572,2993
2025-08-05,Middle East,Accessories,"Mechanical Keyboard",Consumer,3,290,107
2025-08-05,Latin America,Electronics,"Aurora Laptop 14"",Consumer,4,4803,1115
2025-08-05,North America,Accessories,"Mechanical Keyboard",Consumer,5,1058,430
2025-08-06,North America,Furniture,"Ergo Office Chair",SMB,9,5047,889
2025-08-06,North America,Software,"Design Studio License",Government,10,12508,6626
2025-08-08,Middle East,Furniture,"Conference Table XL",Government,5,4162,742
2025-08-09,Latin America,Electronics,"Pulse Smartphone",Government,3,2676,584
2025-08-09,Middle East,Furniture,"Modular Bookshelf",Government,1,177,27
2025-08-09,Asia Pacific,Accessories,"USB-C Hub",Government,8,712,236
2025-08-09,North America,Electronics,"Pulse Smartphone",SMB,7,10578,3042
2025-08-10,Asia Pacific,Software,"Security Shield Pro",Government,7,5654,3406
2025-08-10,Latin America,Office Supplies,"Ink Cartridge Pack",Consumer,5,310,118
2025-08-11,Asia Pacific,Office Supplies,"Label Printer",Consumer,8,2139,823
2025-08-11,Latin America,Software,"Cloud Backup Plan",Government,1,220,160
2025-08-11,Latin America,Accessories,"Wireless Mouse",SMB,2,73,23
2025-08-12,Europe,Furniture,"Ergo Office Chair",Government,8,3237,188
2025-08-12,Europe,Accessories,"USB-C Hub",Enterprise,10,824,326
2025-08-12,Asia Pacific,Accessories,"USB-C Hub",Enterprise,8,654,199
2025-08-13,North America,Software,"Cloud Backup Plan",Enterprise,10,3762,2100
2025-08-13,Latin America,Software,"Analytics Suite License",SMB,3,3246,1939
2025-08-13,Europe,Furniture,"Modular Bookshelf",Consumer,11,3091,332
2025-08-13,Europe,Furniture,"Conference Table XL",Enterprise,7,8400,1255
2025-08-14,Asia Pacific,Furniture,"Conference Table XL",Consumer,5,8202,1724
2025-08-14,Latin America,Office Supplies,"Ink Cartridge Pack",Government,8,482,179
2025-08-15,Latin America,Accessories,"USB-C Hub",SMB,6,345,146
2025-08-16,Asia Pacific,Accessories,"Laptop Sleeve",Government,8,433,165
2025-08-16,Middle East,Electronics,"Echo Wireless Earbuds",SMB,2,258,50
2025-08-16,Middle East,Software,"Design Studio License",Consumer,6,3297,2097
2025-08-17,Middle East,Accessories,"Mechanical Keyboard",SMB,5,513,209
2025-08-17,Asia Pacific,Office Supplies,"Ink Cartridge Pack",Consumer,5,379,128
2025-08-17,Europe,Electronics,"Pulse Smartphone",SMB,4,5229,1413
2025-08-18,Middle East,Office Supplies,"Ink Cartridge Pack",Government,1,53,19
2025-08-18,Asia Pacific,Electronics,"Nimbus Tablet",Government,5,3646,691
2025-08-18,Latin America,Software,"Security Shield Pro",Consumer,1,604,340
2025-08-18,North America,Furniture,"Ergo Office Chair",SMB,1,553,72
2025-08-19,Middle East,Electronics,"Echo Wireless Earbuds",Consumer,1,132,39
2025-08-19,Asia Pacific,Furniture,"Ergo Office Chair",Consumer,4,1941,395
2025-08-20,Asia Pacific,Accessories,"Wireless Mouse",SMB,3,229,81
2025-08-21,North America,Furniture,"Standing Desk Pro",Enterprise,1,985,86
2025-08-21,Europe,Electronics,"Nimbus Tablet",Consumer,3,2417,658
2025-08-22,North America,Furniture,"Ergo Office Chair",Government,11,5095,168
2025-08-23,North America,Accessories,"Mechanical Keyboard",Enterprise,3,677,212
2025-08-23,North America,Office Supplies,"Ink Cartridge Pack",Government,10,1064,434
2025-08-24,North America,Electronics,"Aurora Laptop 14"",Consumer,8,17187,4806
2025-08-25,Latin America,Office Supplies,"Premium Notebook Set",SMB,5,135,31
2025-08-27,North America,Electronics,"Echo Wireless Earbuds",Consumer,3,647,136
2025-08-27,North America,Electronics,"Nimbus Tablet",Enterprise,1,924,278
2025-08-27,North America,Electronics,"Aurora Laptop 14"",Consumer,8,14743,3822
2025-08-27,North America,Accessories,"Mechanical Keyboard",Enterprise,8,1487,652
2025-08-28,Latin America,Accessories,"Laptop Sleeve",Enterprise,5,164,73
2025-08-28,Latin America,Electronics,"Pulse Smartphone",Consumer,2,1404,252
2025-08-28,North America,Accessories,"USB-C Hub",Enterprise,9,790,319
2025-09-01,Europe,Office Supplies,"Ink Cartridge Pack",Government,6,515,131
2025-09-02,North America,Electronics,"Vertex Monitor 27"",Consumer,11,6959,2098
2025-09-02,Latin America,Electronics,"Vertex Monitor 27"",Government,7,2152,566
2025-09-03,Asia Pacific,Accessories,"USB-C Hub",SMB,2,141,51
2025-09-03,North America,Furniture,"Standing Desk Pro",SMB,1,938,167
2025-09-05,North America,Office Supplies,"Label Printer",Enterprise,3,881,250
2025-09-05,Asia Pacific,Office Supplies,"Stapler Deluxe",Government,4,129,42
2025-09-05,North America,Furniture,"Standing Desk Pro",Government,8,7469,946
2025-09-05,Asia Pacific,Furniture,"Modular Bookshelf",Enterprise,7,2267,313
2025-09-07,Latin America,Office Supplies,"Premium Notebook Set",SMB,7,198,54
2025-09-08,Middle East,Office Supplies,"Premium Notebook Set",Government,3,69,29
2025-09-08,Asia Pacific,Office Supplies,"Premium Notebook Set",Consumer,11,427,191
2025-09-08,North America,Software,"Analytics Suite License",Consumer,10,21351,11815
2025-09-09,Europe,Accessories,"Mechanical Keyboard",SMB,5,843,348
2025-09-09,Asia Pacific,Furniture,"Conference Table XL",SMB,6,8604,1572
2025-09-10,Asia Pacific,Office Supplies,"Label Printer",Enterprise,9,2073,532
2025-09-11,Asia Pacific,Software,"Cloud Backup Plan",Consumer,7,2437,1855
2025-09-12,Latin America,Electronics,"Pulse Smartphone",Consumer,2,1527,518
2025-09-12,Latin America,Furniture,"Conference Table XL",Consumer,3,2245,248
2025-09-13,Europe,Accessories,"Mechanical Keyboard",Government,5,771,286
2025-09-15,Asia Pacific,Software,"Analytics Suite License",Enterprise,7,11834,8985
2025-09-15,North America,Electronics,"Pulse Smartphone",SMB,9,10725,2691
2025-09-16,Latin America,Software,"Security Shield Pro",Government,4,2648,1507
2025-09-17,Europe,Accessories,"USB-C Hub",Consumer,11,874,402
2025-09-17,Latin America,Office Supplies,"Label Printer",SMB,1,195,58
2025-09-17,Europe,Electronics,"Echo Wireless Earbuds",SMB,9,1597,454
2025-09-17,Asia Pacific,Software,"Security Shield Pro",Government,8,6739,4923
2025-09-18,Asia Pacific,Electronics,"Vertex Monitor 27"",SMB,5,2024,541
2025-09-19,North America,Office Supplies,"Premium Notebook Set",SMB,7,265,95
2025-09-19,Middle East,Office Supplies,"Stapler Deluxe",Government,2,30,10
2025-09-19,Latin America,Furniture,"Modular Bookshelf",SMB,5,1024,198
2025-09-20,North America,Furniture,"Conference Table XL",Government,1,1639,328
2025-09-22,Middle East,Accessories,"Wireless Mouse",Consumer,5,175,53
2025-09-22,Asia Pacific,Electronics,"Echo Wireless Earbuds",Consumer,12,2652,715
2025-09-22,Europe,Electronics,"Vertex Monitor 27"",Government,10,4270,489
2025-09-22,Europe,Accessories,"Mechanical Keyboard",Enterprise,10,1818,896
2025-09-23,North America,Software,"Analytics Suite License",Enterprise,5,8833,5659
2025-09-23,Asia Pacific,Office Supplies,"Label Printer",Consumer,11,3226,1072
2025-09-24,Asia Pacific,Electronics,"Aurora Laptop 14"",Government,3,4638,942
2025-09-25,North America,Accessories,"USB-C Hub",Government,8,605,255
2025-09-25,Asia Pacific,Electronics,"Aurora Laptop 14"",SMB,4,5885,867
2025-09-25,North America,Office Supplies,"Stapler Deluxe",Government,5,194,72
2025-09-26,Europe,Electronics,"Aurora Laptop 14"",Enterprise,1,1743,452
2025-09-26,North America,Office Supplies,"Stapler Deluxe",Government,7,245,102
2025-09-26,Europe,Software,"Security Shield Pro",Consumer,3,2425,1722
2025-09-26,Middle East,Accessories,"Wireless Mouse",Government,3,118,57
2025-09-27,Latin America,Office Supplies,"Ink Cartridge Pack",Consumer,2,120,31
2025-10-01,Latin America,Accessories,"Mechanical Keyboard",SMB,7,752,288
2025-10-02,Asia Pacific,Software,"Security Shield Pro",Consumer,3,2662,1980
2025-10-02,Middle East,Office Supplies,"Stapler Deluxe",Consumer,5,89,36
2025-10-02,Europe,Furniture,"Conference Table XL",Enterprise,8,11401,2420
2025-10-03,Europe,Accessories,"Mechanical Keyboard",Enterprise,4,631,258
2025-10-04,Asia Pacific,Furniture,"Conference Table XL",SMB,11,15429,2656
2025-10-06,Europe,Furniture,"Conference Table XL",SMB,5,5140,764
2025-10-06,Europe,Accessories,"Laptop Sleeve",Government,1,51,22
2025-10-07,Latin America,Accessories,"Mechanical Keyboard",Consumer,5,572,197
2025-10-07,Latin America,Furniture,"Ergo Office Chair",SMB,4,1147,151
2025-10-07,Middle East,Furniture,"Conference Table XL",Consumer,1,781,107
2025-10-07,Europe,Software,"Design Studio License",Enterprise,5,4899,3707
2025-10-07,Asia Pacific,Electronics,"Nimbus Tablet",SMB,4,3275,965
2025-10-07,Middle East,Furniture,"Conference Table XL",Consumer,7,6478,1228
2025-10-08,Middle East,Software,"Security Shield Pro",Government,3,1527,998
2025-10-09,Asia Pacific,Software,"Analytics Suite License",SMB,4,5403,2883
2025-10-10,Europe,Software,"Design Studio License",Enterprise,10,9187,5750
2025-10-10,Latin America,Electronics,"Aurora Laptop 14"",SMB,5,6376,1353
2025-10-12,Europe,Office Supplies,"Stapler Deluxe",Enterprise,9,263,67
2025-10-13,North America,Software,"Design Studio License",Government,6,7026,4972
2025-10-13,North America,Office Supplies,"Ink Cartridge Pack",SMB,2,216,60
2025-10-13,Asia Pacific,Electronics,"Pulse Smartphone",SMB,4,4499,1358
2025-10-13,Asia Pacific,Office Supplies,"Stapler Deluxe",Consumer,9,283,120
2025-10-14,Middle East,Office Supplies,"Label Printer",Consumer,4,649,172
2025-10-15,North America,Office Supplies,"Premium Notebook Set",Consumer,6,292,82
2025-10-18,Asia Pacific,Accessories,"Mechanical Keyboard",Government,6,1004,493
2025-10-19,Asia Pacific,Electronics,"Pulse Smartphone",Consumer,5,6601,1701
2025-10-19,North America,Furniture,"Conference Table XL",SMB,2,2963,545
2025-10-19,Middle East,Electronics,"Pulse Smartphone",Consumer,5,3694,1056
2025-10-22,Latin America,Accessories,"Laptop Sleeve",Enterprise,6,210,103
2025-10-22,Asia Pacific,Software,"Design Studio License",Consumer,11,12852,8840
2025-10-22,Europe,Office Supplies,"Stapler Deluxe",Enterprise,8,217,58
2025-10-24,Europe,Accessories,"Wireless Mouse",Government,4,247,95
2025-10-24,Europe,Furniture,"Modular Bookshelf",SMB,6,1725,165
2025-10-25,Europe,Furniture,"Ergo Office Chair",SMB,3,1281,129
2025-10-25,North America,Accessories,"USB-C Hub",Consumer,5,445,173
2025-10-26,Middle East,Software,"Cloud Backup Plan",SMB,6,1159,776
2025-10-27,Middle East,Furniture,"Standing Desk Pro",Government,5,2092,332
2025-10-27,Middle East,Electronics,"Echo Wireless Earbuds",Consumer,7,808,144
2025-10-27,Europe,Electronics,"Aurora Laptop 14"",Enterprise,10,15696,3582
2025-10-27,North America,Accessories,"USB-C Hub",Enterprise,9,827,275
2025-10-28,Europe,Office Supplies,"Premium Notebook Set",Government,10,364,92
2025-10-28,Middle East,Accessories,"Mechanical Keyboard",Government,5,521,233
2025-10-28,Middle East,Accessories,"Mechanical Keyboard",Consumer,6,569,240
2025-11-01,Middle East,Furniture,"Ergo Office Chair",Consumer,3,722,93
2025-11-01,Middle East,Software,"Cloud Backup Plan",Consumer,1,153,94
2025-11-01,Europe,Furniture,"Standing Desk Pro",Enterprise,5,3542,433
2025-11-01,Latin America,Accessories,"USB-C Hub",Enterprise,3,166,60
2025-11-02,Asia Pacific,Electronics,"Nimbus Tablet",SMB,9,5785,1447
2025-11-03,Europe,Furniture,"Standing Desk Pro",Consumer,10,5955,597
2025-11-03,Asia Pacific,Accessories,"USB-C Hub",Enterprise,8,589,282
2025-11-03,Europe,Accessories,"Mechanical Keyboard",Consumer,2,340,114
2025-11-06,Latin America,Software,"Security Shield Pro",Consumer,4,2338,1627
2025-11-06,Middle East,Accessories,"Wireless Mouse",Enterprise,3,122,52
2025-11-06,Asia Pacific,Software,"Analytics Suite License",Enterprise,10,16435,12114
2025-11-07,Europe,Accessories,"USB-C Hub",Consumer,5,407,151
2025-11-08,Europe,Accessories,"Wireless Mouse",SMB,10,551,251
2025-11-09,Asia Pacific,Accessories,"Laptop Sleeve",Consumer,9,363,97
2025-11-09,Latin America,Electronics,"Echo Wireless Earbuds",SMB,3,419,82
2025-11-10,Europe,Furniture,"Modular Bookshelf",Consumer,2,561,96
2025-11-10,Latin America,Furniture,"Conference Table XL",SMB,1,737,79
2025-11-11,Asia Pacific,Software,"Design Studio License",SMB,4,3273,2161
2025-11-11,Latin America,Accessories,"USB-C Hub",Consumer,6,292,121
2025-11-11,Middle East,Furniture,"Standing Desk Pro",Consumer,5,1708,209
2025-11-12,Asia Pacific,Software,"Analytics Suite License",Government,2,3719,2338
2025-11-12,Asia Pacific,Electronics,"Vertex Monitor 27"",Government,8,4454,1280
2025-11-14,Latin America,Software,"Cloud Backup Plan",Enterprise,4,820,493
2025-11-15,North America,Electronics,"Nimbus Tablet",Enterprise,1,852,273
2025-11-15,Asia Pacific,Software,"Cloud Backup Plan",Consumer,5,1387,845
2025-11-18,Asia Pacific,Office Supplies,"Ink Cartridge Pack",Government,6,515,180
2025-11-18,Asia Pacific,Accessories,"Wireless Mouse",SMB,4,200,56
2025-11-18,Asia Pacific,Office Supplies,"Premium Notebook Set",Government,6,221,78
2025-11-19,North America,Electronics,"Echo Wireless Earbuds",Enterprise,11,2636,705
2025-11-19,North America,Office Supplies,"Label Printer",SMB,2,567,164
2025-11-20,North America,Electronics,"Pulse Smartphone",Enterprise,3,3019,550
2025-11-21,Asia Pacific,Accessories,"Laptop Sleeve",Enterprise,4,214,103
2025-11-21,Middle East,Accessories,"USB-C Hub",Enterprise,6,202,81
2025-11-21,Latin America,Electronics,"Vertex Monitor 27"",Consumer,6,2195,677
2025-11-21,Asia Pacific,Accessories,"Wireless Mouse",Government,4,214,63
2025-11-22,Asia Pacific,Furniture,"Ergo Office Chair",SMB,2,991,134
2025-11-22,North America,Accessories,"Laptop Sleeve",Enterprise,1,51,19
2025-11-22,Europe,Furniture,"Conference Table XL",Government,6,7374,1318
2025-11-22,Asia Pacific,Furniture,"Modular Bookshelf",SMB,5,1365,201
2025-11-23,Latin America,Furniture,"Modular Bookshelf",Consumer,6,1254,237
2025-11-23,Latin America,Furniture,"Modular Bookshelf",Government,2,353,53
2025-11-23,Latin America,Furniture,"Standing Desk Pro",Enterprise,2,943,133
2025-11-24,North America,Electronics,"Pulse Smartphone",Enterprise,5,6803,1508
2025-11-24,Middle East,Furniture,"Conference Table XL",Government,2,1504,271
2025-11-25,North America,Software,"Design Studio License",Consumer,4,4660,2715
2025-11-25,Asia Pacific,Accessories,"Mechanical Keyboard",SMB,3,434,107
2025-11-26,North America,Accessories,"Wireless Mouse",Enterprise,2,130,42
2025-11-27,Asia Pacific,Furniture,"Conference Table XL",Government,3,3755,338
2025-11-28,Asia Pacific,Furniture,"Ergo Office Chair",Consumer,5,2296,428
2025-11-28,Middle East,Office Supplies,"Premium Notebook Set",Consumer,1,20,8
2025-11-28,Europe,Electronics,"Vertex Monitor 27"",Consumer,4,2030,547
2025-12-01,Asia Pacific,Software,"Design Studio License",Enterprise,8,7624,5168
2025-12-01,North America,Software,"Analytics Suite License",Enterprise,2,3556,2638
2025-12-02,Asia Pacific,Furniture,"Modular Bookshelf",Government,5,1552,218
2025-12-03,Asia Pacific,Office Supplies,"Label Printer",Government,5,1422,402
2025-12-05,Europe,Accessories,"Wireless Mouse",SMB,9,488,200
2025-12-06,Latin America,Electronics,"Vertex Monitor 27"",Enterprise,3,940,202
2025-12-06,Europe,Electronics,"Nimbus Tablet",Consumer,1,781,245
2025-12-06,Middle East,Software,"Analytics Suite License",SMB,5,4893,3572
2025-12-07,North America,Electronics,"Echo Wireless Earbuds",Consumer,2,378,69
2025-12-08,Middle East,Software,"Analytics Suite License",Enterprise,2,1858,1067
2025-12-08,Middle East,Accessories,"Wireless Mouse",Enterprise,6,193,72
2025-12-10,Middle East,Software,"Analytics Suite License",Consumer,4,4263,3266
2025-12-10,North America,Software,"Security Shield Pro",Government,8,8501,5000
2025-12-12,Latin America,Software,"Cloud Backup Plan",SMB,6,1354,949
2025-12-12,Asia Pacific,Accessories,"Mechanical Keyboard",Enterprise,2,318,108
2025-12-13,Latin America,Electronics,"Aurora Laptop 14"",Government,5,5320,1340
2025-12-13,Europe,Office Supplies,"Premium Notebook Set",Enterprise,2,77,20
2025-12-14,Latin America,Office Supplies,"Label Printer",Enterprise,3,496,173
2025-12-14,Latin America,Software,"Cloud Backup Plan",Government,5,1131,723
2025-12-15,Middle East,Software,"Analytics Suite License",Consumer,4,3688,2516
2025-12-15,Asia Pacific,Accessories,"Wireless Mouse",Government,8,407,157
2025-12-16,Europe,Electronics,"Vertex Monitor 27"",SMB,9,4670,1117
2025-12-16,North America,Software,"Design Studio License",Enterprise,11,11787,8882
2025-12-16,Middle East,Software,"Cloud Backup Plan",Government,5,951,684
2025-12-17,Asia Pacific,Software,"Design Studio License",SMB,11,10454,8077
2025-12-17,North America,Furniture,"Conference Table XL",Consumer,8,10103,1684
2025-12-17,Asia Pacific,Office Supplies,"Premium Notebook Set",Consumer,2,64,24
2025-12-18,North America,Accessories,"USB-C Hub",Consumer,2,152,59
2025-12-18,North America,Software,"Cloud Backup Plan",SMB,5,2016,1488
2025-12-19,Europe,Furniture,"Conference Table XL",Enterprise,6,7236,997
2025-12-20,Asia Pacific,Office Supplies,"Stapler Deluxe",Enterprise,4,115,52
2025-12-21,Latin America,Furniture,"Ergo Office Chair",Consumer,5,1452,292
2025-12-22,North America,Software,"Design Studio License",Government,3,3077,1735